1.000000000000000082e-05 4.717778184797318630e+01
1.018169625567074076e-05 4.800428879987335762e+01
1.036669386427395668e-05 4.884527531640716802e+01
1.055505281015629927e-05 4.970099506488073615e+01
1.074683416755753161e-05 5.057170615659445190e+01
1.094210012041349039e-05 5.145767122469724342e+01
1.114091398251883948e-05 5.235915750340480201e+01
1.134334021805618569e-05 5.327643690860555381e+01
1.154944446249819899e-05 5.420978611987894169e+01
1.175929354388950676e-05 5.515948666395032518e+01
1.197295550451529072e-05 5.612582499960818438e+01
1.219049962296357124e-05 5.710909260410878829e+01
1.241199643658837715e-05 5.810958606109472413e+01
1.263751776438104474e-05 5.912760715005355650e+01
1.286713673025709489e-05 6.016346293734385142e+01
1.310092778676621161e-05 6.121746586881569385e+01
1.333896673923303003e-05 6.228993386405404209e+01
1.358133077033654854e-05 6.338119041227292882e+01
1.382809846513614577e-05 6.449156466988976888e+01
1.407934983655230018e-05 6.562139155980901251e+01
1.433516635131029951e-05 6.677101187244511493e+01
1.459563095635532749e-05 6.794077236851548207e+01
1.486082810574749797e-05 6.913102588363402390e+01
1.513084378804558145e-05 7.034213143473718333e+01
1.540576555418825830e-05 7.157445432837454291e+01
1.568568254588198588e-05 7.282836627089636750e+01
1.597068552450464936e-05 7.410424548057171990e+01
1.626086690053438655e-05 7.540247680167060196e+01
1.655632076351312433e-05 7.672345182054486656e+01
1.685714291255453357e-05 7.806756898374260345e+01
1.716343088740630285e-05 7.943523371819176759e+01
1.747528400007683074e-05 8.082685855348955783e+01
1.779280336703650475e-05 8.224286324633379763e+01
1.811609194200413422e-05 8.368367490713445989e+01
1.844525454932903377e-05 8.514972812884334985e+01
1.878039791797971448e-05 8.664146511804059969e+01
1.912163071615006211e-05 8.815933582831759452e+01
1.946906358649436942e-05 8.970379809599702980e+01
1.982280918200252906e-05 9.127531777823017478e+01
2.018298220252707234e-05 9.287436889351371860e+01
2.054969943197390588e-05 9.450143376466827760e+01
2.092307977616878736e-05 9.615700316432176464e+01
2.130324430141179194e-05 9.784157646294141841e+01
2.169031627373234949e-05 9.955566177945928530e+01
2.208442119885747673e-05 1.012997761345363728e+02
2.248568686290627243e-05 1.030744456065120431e+02
2.289424337382375374e-05 1.048802054900852454e+02
2.331022320356759638e-05 1.067176004577759301e+02
2.373376123106134145e-05 1.085871847242148220e+02
2.416499478592806511e-05 1.104895222133116732e+02
2.460406369301867363e-05 1.124251867283519033e+02
2.505111031774926396e-05 1.143947621250732993e+02
2.550627961226223400e-05 1.163988424877748287e+02
2.596971916242613168e-05 1.184380323085105999e+02
2.644157923568948268e-05 1.205129466694232008e+02
2.692201282980408050e-05 1.226242114282713942e+02
2.741117572243358520e-05 1.247724634072078800e+02
2.790922652166347363e-05 1.269583505848645615e+02
2.841632671742874984e-05 1.291825322918024597e+02
2.893264073387607181e-05 1.314456794093864005e+02
2.945833598267727564e-05 1.337484745721429817e+02
2.999358291731158365e-05 1.360916123736644749e+02
3.053855508833412132e-05 1.384757995761191580e+02
3.109342919964861552e-05 1.409017553234327806e+02
3.165838516580255977e-05 1.433702113582040738e+02
3.223360617032340326e-05 1.458819122424211230e+02
3.281927872511471026e-05 1.484376155820437759e+02
3.341559273093147998e-05 1.510380922555208372e+02
3.402274153895434617e-05 1.536841266463108866e+02
3.464092201348248346e-05 1.563765168794761280e+02
3.527033459576567152e-05 1.591160750624214302e+02
3.591118336899615053e-05 1.619036275298507803e+02
3.656367612448134898e-05 1.647400150930152449e+02
3.722802442901901885e-05 1.676260932933277275e+02
3.790444369349617749e-05 1.705627326604189875e+02
3.859315324273524119e-05 1.735508189747183110e+02
3.929437638660845163e-05 1.765912535346304537e+02
4.000834049244480687e-05 1.796849534283953460e+02
4.073527705875252934e-05 1.828328518107099683e+02
4.147542179028108601e-05 1.860358981841964408e+02
4.222901467444695867e-05 1.892950586858010240e+02
4.299630005914813484e-05 1.926113163782106881e+02
4.377752673199241876e-05 1.959856715463749595e+02
4.457294800096529846e-05 1.994191419992224894e+02
4.538282177656349846e-05 2.029127633766634631e+02
4.620741065542090947e-05 2.064675894619702206e+02
4.704698200545393276e-05 2.100846924996307621e+02
4.790180805255389959e-05 2.137651635187703505e+02
4.877216596885466021e-05 2.175101126622395213e+02
4.965833796260393839e-05 2.213206695214669537e+02
5.056061136966767043e-05 2.251979834771791786e+02
5.147927874669688028e-05 2.291432240460887897e+02
5.241463796598739390e-05 2.331575812336564297e+02
5.336699231206312347e-05 2.372422658930333625e+02
5.433665058001423446e-05 2.413985100902913530e+02
5.532392717562203033e-05 2.456275674760519223e+02
5.632914221730314896e-05 2.499307136636254825e+02
5.735262163990600997e-05 2.543092466137759118e+02
5.839469730039317075e-05 2.587644870262246855e+02
5.945570708544394689e-05 2.632977787380147561e+02
6.053599502101209299e-05 2.679104891288529302e+02
6.163591138387414649e-05 2.726040095335534943e+02
6.275581281520448411e-05 2.773797556617072360e+02
6.389606243621414369e-05 2.822391680247033605e+02
6.505702996589053828e-05 2.871837123702311487e+02
6.623909184087668756e-05 2.922148801243949379e+02
6.744263133752844861e-05 2.973341888415737913e+02
6.866803869618955016e-05 3.025431826621621667e+02
6.991571124772466745e-05 3.078434327783303956e+02
7.118605354235148014e-05 3.132365379079441254e+02
7.247947748081369880e-05 3.187241247767867662e+02
7.379640244793726279e-05 3.243078486092294952e+02
7.513725544861338897e-05 3.299893936274982025e+02
7.650247124625228696e-05 3.357704735596859678e+02
7.789249250375253504e-05 3.416528321566664772e+02
7.930776992703184307e-05 3.476382437180622560e+02
8.074876241116566041e-05 3.537285136274282422e+02
8.221593718918115761e-05 3.599254788968105458e+02
8.370976998355466627e-05 3.662310087208455798e+02
8.523074516046174546e-05 3.726470050405665120e+02
8.677935588683004643e-05 3.791754031170869439e+02
8.835610429024560758e-05 3.858181721153349031e+02
8.996150162176471646e-05 3.925773156980135923e+02
9.159606842168389537e-05 3.994548726299670420e+02
9.326033468832199040e-05 4.064529173931345554e+02
9.495484004986880428e-05 4.135735608122775488e+02
9.668013393935632636e-05 4.208189506916692721e+02
9.843677577280900604e-05 4.281912724629385139e+02
1.002253351306309659e-04 4.356927498442622664e+02
1.020463919422890406e-04 4.433256455111079504e+02
1.039005366743513126e-04 4.510922617787251738e+02
1.057883705219423218e-04 4.589949412965946181e+02
1.077105056036769105e-04 4.670360677550431205e+02
1.096675651601359538e-04 4.752180666042375492e+02
1.116601837559483084e-04 4.835434057857751213e+02
1.136890074855445755e-04 4.920145964770898672e+02
1.157546941826491924e-04 5.006341938489010772e+02
1.178579136335791038e-04 5.094047978359309923e+02
1.199993477944177780e-04 5.183290539211243413e+02
1.221796910121354348e-04 5.274096539336078422e+02
1.243996502497267571e-04 5.366493368606279546e+02
1.266599453154392571e-04 5.460508896737129589e+02
1.289613090961668482e-04 5.556171481693099850e+02
1.313044877950838955e-04 5.653509978241472709e+02
1.336902411735970189e-04 5.752553746655827354e+02
1.361193427976930929e-04 5.853332661571994322e+02
1.385925802887633747e-04 5.955877120999169847e+02
1.411107555789848592e-04 6.060218055488876416e+02
1.436746851713419115e-04 6.166386937464570792e+02
1.462852004043724448e-04 6.274415790714690502e+02
1.489431477217242710e-04 6.384337200052012804e+02
1.516493889466094145e-04 6.496184321142226281e+02
1.544048015612448901e-04 6.609990890504699337e+02
1.572102789913710694e-04 6.725791235688448069e+02
1.600667308959395239e-04 6.843620285626382156e+02
1.629750834620643444e-04 6.963513581170930138e+02
1.659362797053326986e-04 7.085507285814258012e+02
1.689512797755718528e-04 7.209638196596289390e+02
1.720210612681719715e-04 7.335943755203807086e+02
1.751466195410653613e-04 7.464462059264027403e+02
1.783289680374652961e-04 7.595231873836009981e+02
1.815691386144687488e-04 7.728292643103375212e+02
1.848681818776297977e-04 7.863684502271893280e+02
1.882271675216120731e-04 8.001448289675488468e+02
1.916471846770306971e-04 8.141625559094327400e+02
1.951293422635962300e-04 8.284258592288716727e+02
1.986747693496751965e-04 8.429390411752575574e+02
2.022846155183836070e-04 8.577064793690342412e+02
2.059600512403321677e-04 8.727326281221211275e+02
2.097022682531443942e-04 8.880220197814712719e+02
2.135124799478701411e-04 9.035792660961653837e+02
2.173919217624203449e-04 9.194090596084565732e+02
2.213418515821501814e-04 9.355161750691856923e+02
2.253635501477207180e-04 9.519054708779914336e+02
2.294583214703713029e-04 9.685818905487535631e+02
2.336274932547372711e-04 9.855504642007078928e+02
2.378724173293501973e-04 1.002816310075684328e+03
2.421944700849592593e-04 1.020384636081923873e+03
2.465950529208188837e-04 1.038260741364946398e+03
2.510755926990829731e-04 1.056450017905933692e+03
2.556375422074565239e-04 1.074957952148116192e+03
2.602823806302530913e-04 1.093790126651652599e+03
2.650116140280114343e-04 1.112952221777500426e+03
2.698267758258262997e-04 1.132450017400788283e+03
2.747294273105524258e-04 1.152289394654202852e+03
2.797211581370418463e-04 1.172476337701917373e+03
2.848035868435802175e-04 1.193016935544601438e+03
2.899783613766877236e-04 1.213917383856047763e+03
2.952471596254558120e-04 1.235183986851978943e+03
3.006116899655924711e-04 1.256823159191591230e+03
3.060736918133526120e-04 1.278841427912413110e+03
3.116349361895332632e-04 1.301245434399059150e+03
3.172972262937161008e-04 1.324041936386475072e+03
3.230623980889440702e-04 1.347237809998277726e+03
3.289323208970211824e-04 1.370840051820805911e+03
3.349088980046287462e-04 1.394855781013503474e+03
3.409940672804542198e-04 1.419292241456277225e+03
3.471898018035336959e-04 1.444156803934472237e+03
3.534981105030105463e-04 1.469456968362127782e+03
3.599210388095184501e-04 1.495200366044179646e+03
3.664606693183997338e-04 1.521394761978296629e+03
3.731191224649743491e-04 1.548048057197041089e+03
3.798985572120782230e-04 1.575168291151064977e+03
3.868011717500932992e-04 1.602763644134049628e+03
3.938292042096979795e-04 1.630842439750138055e+03
4.009849333875669525e-04 1.659413147424586214e+03
4.082706794852571965e-04 1.688484384958402188e+03
4.156888048615191701e-04 1.718064921127737762e+03
4.232417147982775159e-04 1.748163678328823153e+03
4.309318582805289621e-04 1.778789735269232324e+03
4.387617287904096086e-04 1.809952329706296496e+03
4.467338651156934314e-04 1.841660861233504193e+03
4.548508521729773360e-04 1.873924894115697271e+03
4.631153218458248936e-04 1.906754160173952414e+03
4.715299538381385099e-04 1.940158561720992338e+03
4.800974765430372033e-04 1.974148174548030056e+03
4.888206679275212876e-04 2.008733250963933415e+03
4.977023564332114366e-04 2.043924222887639189e+03
5.067454218934532928e-04 2.079731704994735537e+03
5.159527964670862629e-04 2.116166497919176436e+03
5.253274655891780175e-04 2.153239591511082835e+03
5.348724689390333678e-04 2.190962168151617789e+03
5.445909014257920445e-04 2.229345606125935774e+03
5.544859141919339200e-04 2.268401483055222798e+03
5.645607156350181252e-04 2.308141579388860464e+03
5.748185724479857673e-04 2.348577881957771751e+03
5.852628106783657131e-04 2.389722587590016246e+03
5.958968168067249604e-04 2.431588106789725316e+03
6.067240388447144462e-04 2.474187067480494079e+03
6.177479874530658003e-04 2.517532318814348400e+03
6.289722370799016036e-04 2.561636935047441511e+03
6.404004271197283197e-04 2.606514219483651686e+03
6.520362630934880112e-04 2.652177708487266955e+03
6.638835178500509127e-04 2.698641175565967387e+03
6.759460327895381974e-04 2.745918635525334594e+03
6.882277191088732740e-04 2.794024348696150810e+03
7.007325590699629847e-04 2.842972825235747678e+03
7.134646072909217856e-04 2.892778829504716668e+03
7.264279920607573035e-04 2.943457384520291271e+03
7.396269166779427095e-04 2.995023776487751547e+03
7.530656608133103492e-04 3.047493559411209844e+03
7.667485818977094183e-04 3.100882559785176909e+03
7.806801165348757838e-04 3.155206881368315408e+03
7.948647819399741942e-04 3.210482910040829665e+03
8.093071774042774613e-04 3.266727318746946821e+03
8.240119857864587919e-04 3.323957072523990519e+03
8.389839750309798514e-04 3.382189433619552346e+03
8.542279997140681935e-04 3.441441966698319447e+03
8.697490026177834418e-04 3.501732544140110804e+03
8.855520163326846160e-04 3.563079351430738370e+03
9.016421648896169594e-04 3.625500892647306046e+03
9.180246654211473602e-04 3.689015996039603579e+03
9.347048298531879717e-04 3.753643819709287982e+03
9.516880666273560977e-04 3.819403857388553206e+03
9.689798824546277294e-04 3.886315944320032941e+03
9.865858841008557853e-04 3.954400263239724154e+03
1.004511780204728980e-03 4.023077141260776898e+03
1.022763383128763841e-03 4.091073079110584331e+03
1.041346610843927375e-03 4.160147968384963860e+03
1.060267488848503064e-03 4.230315724799759664e+03
1.079532152121822318e-03 4.301590344534631186e+03
1.099146847113493348e-03 4.373985901500642285e+03
1.119117933768775611e-03 4.447516510236281647e+03
1.139451887590751857e-03 4.522196254080174185e+03
1.160155301739971504e-03 4.598039258655267076e+03
1.181234889172242536e-03 4.675059723047263105e+03
1.202697484815266459e-03 4.753271915816623732e+03
1.224550047784821486e-03 4.832690158029454324e+03
1.246799663641214289e-03 4.913328825798580510e+03
1.269453546686729120e-03 4.995202338764789602e+03
1.292519042304821108e-03 5.078325088413534104e+03
1.316003629341812873e-03 5.162711407517567750e+03
1.339914922531864044e-03 5.248375599538499955e+03
1.364260674966002963e-03 5.335331686029009688e+03
1.389048780606018992e-03 5.423593551391753863e+03
1.414287276844031173e-03 5.513175026763286951e+03
1.439984347108563953e-03 5.604089858719950826e+03
1.466148323517974146e-03 5.696351742583915438e+03
1.492787689582089107e-03 5.789974325366420999e+03
1.519911082952933243e-03 5.884971196645671625e+03
1.547527298225433862e-03 5.981355884250775489e+03
1.575645289789015784e-03 6.079141858866343682e+03
1.604274174731006074e-03 6.178342505600543518e+03
1.633423235792795178e-03 6.278970995292022963e+03
1.663101924379708791e-03 6.381040280472667291e+03
1.693319863625568399e-03 6.484563076945025387e+03
1.724086851512933840e-03 6.589551481724777659e+03
1.755412864050039448e-03 6.696017279114832490e+03
1.787308058505453559e-03 6.803971996095071518e+03
1.819782776701513692e-03 6.913426869872331736e+03
1.852847548367590400e-03 7.024392903873204887e+03
1.886513094554300623e-03 7.136880878898145056e+03
1.920790331109734376e-03 7.250901329040168093e+03
1.955690372218854643e-03 7.366464524897969568e+03
1.991224534007202812e-03 7.483580464839820706e+03
2.027404338210084950e-03 7.602258838519314850e+03
2.064241515908423700e-03 7.722508854594098011e+03
2.101748011332489272e-03 7.844339283723560584e+03
2.139935985734742890e-03 7.967758350440587492e+03
2.178817821333050610e-03 8.092773361389086858e+03
2.218406125325540334e-03 8.219391096546738481e+03
2.258713733978409167e-03 8.347617815583575066e+03
2.299753716788004252e-03 8.477459244631258116e+03
2.341539380718529306e-03 8.608920618311629369e+03
2.384084274516743394e-03 8.742006680307196802e+03
2.427402193105061834e-03 8.876721651485486291e+03
2.471507182054475185e-03 9.013069211866000842e+03
2.516413542138739180e-03 9.151052484196316072e+03
2.562135833971314856e-03 9.290673977592055962e+03
2.608688882726556413e-03 9.431935389606323952e+03
2.656087782946686768e-03 9.574837696799160767e+03
2.704347903436107783e-03 9.719380943461654169e+03
2.753484892244643673e-03 9.865563972510644817e+03
2.803514681741323990e-03 1.001338482070503414e+04
2.854453493780358467e-03 1.016284068914855379e+04
2.906317844960973860e-03 1.031392794483886064e+04
2.959124551982820605e-03 1.046664213437769831e+04
3.012890737098684012e-03 1.062097796060836845e+04
3.067633833666272899e-03 1.077692926671713940e+04
3.123371591800876753e-03 1.093448906300087401e+04
3.180122084130734567e-03 1.109364950147305717e+04
3.237903711656973244e-03 1.125440170525664689e+04
3.296735209720019853e-03 1.141673539244383937e+04
3.356635654074421968e-03 1.158063914810779534e+04
3.417624467074044554e-03 1.174609988684006566e+04
3.479721423969650909e-03 1.191310263470032442e+04
3.542946659320905540e-03 1.208163119909426314e+04
3.607320673524881931e-03 1.225166810148708464e+04
3.672864339463194610e-03 1.242319461338121073e+04
3.739598909269899619e-03 1.259619077449992801e+04
3.807546021222372144e-03 1.277063537144903785e+04
3.876727706757385206e-03 1.294650592227751986e+04
3.947166397614667969e-03 1.312377873278109291e+04
4.018884933110263014e-03 1.330242884358040465e+04
4.091906567542031789e-03 1.348242970162141319e+04
4.166254977729722149e-03 1.366375268478405815e+04
4.241954270692029592e-03 1.384636756304548362e+04
4.319028991463154561e-03 1.403024149162167487e+04
4.397504131051377212e-03 1.421533910978797940e+04
4.477405134542242204e-03 1.440162338789017122e+04
4.558757909348969475e-03 1.458905552961582544e+04
4.641588833612777208e-03 1.477759505078554685e+04
4.725924764755833583e-03 1.496719977592553187e+04
4.811793048189609394e-03 1.515782581668535386e+04
4.899221526181464330e-03 1.534942761592945317e+04
4.988238546882330961e-03 1.554195812694125561e+04
5.078872973518428098e-03 1.573536866454810297e+04
5.171154193749989865e-03 1.592960801917954632e+04
5.265112129200031493e-03 1.612462178785552169e+04
5.360777245156256136e-03 1.632035330385359521e+04
5.458180560449236475e-03 1.651674136799693224e+04
5.557353657510081223e-03 1.671372126018330164e+04
5.658328692610854749e-03 1.691122608687045795e+04
5.761138406291024978e-03 1.710918667212666696e+04
5.865816133973422893e-03 1.730753170961533760e+04
5.972395816773021747e-03 1.750618778387588827e+04
6.080912012502146836e-03 1.770507937673966808e+04
6.191399906875633824e-03 1.790412896511137660e+04
6.303895324919581156e-03 1.810325727667146202e+04
6.418434742587398462e-03 1.830238302518066848e+04
6.535055298586910089e-03 1.850142131085790606e+04
6.653794806422357912e-03 1.870028326213888431e+04
6.774691766655193542e-03 1.889887708338582161e+04
6.897785379387658469e-03 1.909710471154081097e+04
7.023115556973169755e-03 1.929486424905796230e+04
7.150722936957665081e-03 1.949205137494447263e+04
7.280648895256073075e-03 1.968855930190160143e+04
7.412935559568207579e-03 1.988427897425112315e+04
7.547625823038410509e-03 2.007909905333509960e+04
7.684763358163397215e-03 2.027290600808236195e+04
7.824392630952796412e-03 2.046558447749603874e+04
7.966558915346982558e-03 2.065701774510606629e+04
8.111308307896872294e-03 2.084708703317339678e+04
8.258687742710456303e-03 2.103566779323582159e+04
8.408745006670888256e-03 2.122263038981130376e+04
8.561528754931102547e-03 2.140784106728275219e+04
8.717088526689937764e-03 2.159115606379018209e+04
8.875474761254930137e-03 2.177242756434799958e+04
9.036738814396948205e-03 2.195150552023321507e+04
9.200932975001985606e-03 2.212823773585215895e+04
9.368110482025517396e-03 2.230247020708483251e+04
9.538325541754901632e-03 2.247404726528604806e+04
9.711633345385446703e-03 2.264281173941741145e+04
9.888090086915811774e-03 2.280860553397727926e+04
1.006775298136856726e-02 2.297127009885572261e+04
1.025068028334182729e-02 2.313064530918626042e+04
1.043693130589793717e-02 2.328656403430458522e+04
1.062656643979537595e-02 2.343885497453275093e+04
1.081964717307009292e-02 2.358734195786288183e+04
1.101623611097262735e-02 2.373183784330230992e+04
1.121639699626747998e-02 2.387215330105558314e+04
1.142019472990131457e-02 2.400809836659277062e+04
1.162769539204669411e-02 2.413948276799933228e+04
1.183896626352817436e-02 2.426611641655215863e+04
1.205407584763770225e-02 2.438780968113009658e+04
1.227309389234639003e-02 2.450437374291926972e+04
1.249609141291986754e-02 2.461562160919222879e+04
1.272314071494455058e-02 2.472136854844591653e+04
1.295431541777228822e-02 2.482142980328690828e+04
1.318969047839098525e-02 2.491561202020358905e+04
1.342934221572895069e-02 2.500372017869518095e+04
1.367334833540084608e-02 2.508555240310998852e+04
1.392178795490325340e-02 2.516089406489495741e+04
1.417474162926804851e-02 2.522953217190478244e+04
1.443229137718186547e-02 2.529125693168854195e+04
1.469452070758017065e-02 2.534586243184321938e+04
1.496151464672451810e-02 2.539314758248670114e+04
1.523335976577179680e-02 2.543291695619485836e+04
1.551014420884440186e-02 2.546498077893851587e+04
1.579195772161042649e-02 2.548915467284537590e+04
1.607889168038315053e-02 2.550526034016063204e+04
1.637103912174925346e-02 2.551312580071954653e+04
1.666849477273536079e-02 2.551258369412975298e+04
1.697135508152269184e-02 2.550347389900083726e+04
1.727971824871981851e-02 2.548563724167686814e+04
1.759368425920359441e-02 2.545891517460539399e+04
1.791335491453864559e-02 2.542315861496208527e+04
1.823883386598593864e-02 2.537822900812278749e+04
1.857022664811097332e-02 2.532399887224957274e+04
1.890764071300284760e-02 2.526035278143302639e+04
1.925118546511487422e-02 2.518718817474070966e+04
1.960097229673831223e-02 2.510441461770615206e+04
1.995711462412063861e-02 2.501194968934041754e+04
2.031972792424008648e-02 2.490972206684100820e+04
2.068892977224834687e-02 2.479768473227642244e+04
2.106483987959359080e-02 2.467582905444931384e+04
2.144758013283617690e-02 2.454416538257160573e+04
2.183727463316962464e-02 2.440273512036520697e+04
2.223404973665967996e-02 2.425160642632590680e+04
2.263803409521448692e-02 2.409086268609530453e+04
2.304935869829919173e-02 2.392060423811685177e+04
2.346815691540846821e-02 2.374094610428312080e+04
2.389456453931078014e-02 2.355201787377227811e+04
2.432871983007834152e-02 2.335396363829320035e+04
2.477076355991711387e-02 2.314693852016270102e+04
2.522083905881132918e-02 2.293109667689906928e+04
2.567909226099736666e-02 2.270660220206536906e+04
2.614567175228203755e-02 2.247368815412624099e+04
2.662072881822062642e-02 2.223268514552513807e+04
2.710441749317031232e-02 2.198395067930423829e+04
2.759689461023486987e-02 2.172795132453417682e+04
2.809831985211684244e-02 2.146520521060833926e+04
2.860885580289368804e-02 2.119622480068522054e+04
2.912866800073467960e-02 2.092151287818824130e+04
2.965792499157563974e-02 2.064156560132175582e+04
3.019679838376893716e-02 2.035687488303069040e+04
3.074546290372644555e-02 2.006792641745566289e+04
3.130409645257351686e-02 1.977519292223549564e+04
3.187288016383234973e-02 1.947912473482057612e+04
3.245199846215340855e-02 1.918016397486667483e+04
3.304163912311399581e-02 1.887885902126015935e+04
3.364199333410335807e-02 1.857586270379156849e+04
3.425325575631402164e-02 1.827184241882076822e+04
3.487562458785947034e-02 1.796762610711124944e+04
3.550930162803871831e-02 1.766405973151199214e+04
3.615449234276846974e-02 1.736192405968000821e+04
3.681140593120422327e-02 1.706192749035305678e+04
3.748025539357176944e-02 1.676473173542526274e+04
3.816125760023127839e-02 1.647095831147834542e+04
3.885463336199613399e-02 1.618118744881688326e+04
3.956060750172955137e-02 1.589596638042037193e+04
4.027940892724195254e-02 1.561582138462457260e+04
4.101127070551300463e-02 1.534124075011890454e+04
4.175643013826208644e-02 1.507267462341361716e+04
4.251512883889198985e-02 1.481053677698393585e+04
4.328761281083057244e-02 1.455521353301469389e+04
4.407413252729584091e-02 1.430708308324692553e+04
4.487494301251040291e-02 1.406649656282385331e+04
4.569030392439150240e-02 1.383377583276795667e+04
4.652047963874351294e-02 1.360921614124333610e+04
4.736573933498017253e-02 1.339305449458877411e+04
4.822635708340439198e-02 1.318533532034383097e+04
4.910261193407385732e-02 1.298603858205473989e+04
4.999478800728131972e-02 1.279502500158952171e+04
5.090317458567886894e-02 1.261198537362213574e+04
5.182806620807604847e-02 1.243659805189120925e+04
5.276976276494231566e-02 1.226844903974799854e+04
5.372856959564464158e-02 1.210709269911745105e+04
5.470479758745198234e-02 1.195200319601637784e+04
5.569876327633856150e-02 1.180245526927128776e+04
5.671078894961878447e-02 1.165771479021052983e+04
5.774120275044671707e-02 1.151690219377009998e+04
5.879033878421484338e-02 1.137905194704164569e+04
5.985853722688545819e-02 1.124319211190677743e+04
6.094614443529072778e-02 1.110823653708621896e+04
6.205351305943677259e-02 1.097311274618820244e+04
6.318100215684828436e-02 1.083668846606948318e+04
6.432897730899070354e-02 1.069777610943844775e+04
6.549781073980787127e-02 1.055524430719799966e+04
6.668788143641325716e-02 1.040800421833863402e+04
6.789957527197432174e-02 1.025503546981935506e+04
6.913328513082944715e-02 1.009542046023956391e+04
7.038941103587838255e-02 9.928358621767700242e+03
7.166836027828717148e-02 9.753165336578062124e+03
7.297054754954980516e-02 9.569415334154165976e+03
7.429639507594949788e-02 9.376851324817987916e+03
7.564633275546291113e-02 9.175428420434951477e+03
7.702079829715195725e-02 8.965444312321409598e+03
7.842023736308834092e-02 8.747316536073845782e+03
7.984510371285671870e-02 8.521848129460831842e+03
8.129585935068352198e-02 8.290082648698646153e+03
8.277297467523896113e-02 8.053198639005511723e+03
8.427692863216094954e-02 7.812800959325615622e+03
8.580820886935033864e-02 7.570497561616061830e+03
8.736731189508771533e-02 7.328122680345034496e+03
8.895474323902323455e-02 7.087678808963775737e+03
9.057101761609150092e-02 6.851041279539965217e+03
9.221665909340474865e-02 6.620238383211742985e+03
9.389220126017841506e-02 6.397146446074218147e+03
9.559818740074421672e-02 6.183464379415981966e+03
9.733517067070671103e-02 5.980763179199712795e+03
9.910371427630070007e-02 5.790360290210145649e+03
1.009043916570073751e-01 5.613181040383220534e+03
1.027377866714885984e-01 5.449920744064459541e+03
1.046044937868994690e-01 5.300910951530568127e+03
1.065051182716407613e-01 5.165890481650892070e+03
1.084402763916134105e-01 5.044504815075241822e+03
1.104105956100390334e-01 4.935747733058852646e+03
1.124167147909110737e-01 4.838251911304773785e+03
1.144592844061424891e-01 4.750516964198888672e+03
1.165389667464773321e-01 4.670363871279021623e+03
1.186564361362345138e-01 4.595597464547097843e+03
1.208123791519533224e-01 4.523798794042802911e+03
1.230074948450117084e-01 4.452339037409607045e+03
1.252424949682893474e-01 4.378746934755055918e+03
1.275181042069493398e-01 4.300763819843021338e+03
1.298350604134127229e-01 4.216334298628868964e+03
1.321941148466028726e-01 4.123963892633343676e+03
1.345960324155364152e-01 4.022859493864017168e+03
1.370415919273404726e-01 3.912579496735521388e+03
1.395315863397760259e-01 3.793807266430324489e+03
1.420668230183496084e-01 3.667719499377810735e+03
1.446481239980967892e-01 3.536013175816104194e+03
1.472763262501219084e-01 3.401328458298891292e+03
1.499522819529808537e-01 3.266211836411803688e+03
1.526768587689948387e-01 3.133556317146389574e+03
1.554509401255845247e-01 3.006257455099364051e+03
1.582754255017160272e-01 2.886711468520729795e+03
1.611512307195515359e-01 2.776787092988526183e+03
1.640792882413989462e-01 2.677979605197033379e+03
1.670605474720571748e-01 2.590757217234198833e+03
1.700959750666548587e-01 2.514779631432456881e+03
1.731865552440823297e-01 2.449439532644346855e+03
1.763332901061187008e-01 2.392818616552271124e+03
1.795371999623571191e-01 2.342787742671615433e+03
1.827993236610340466e-01 2.296883360792717667e+03
1.861207189258693995e-01 2.252104683803696844e+03
1.895024626990270966e-01 2.205677132393281227e+03
1.929456514903068187e-01 2.155422888603371575e+03
1.964514017326808581e-01 2.099556125062961655e+03
2.000208501442905240e-01 2.037222112296526348e+03
2.036551540970200913e-01 1.969120417431290434e+03
2.073554919917677264e-01 1.896252284552354240e+03
2.111230636405345695e-01 1.820780674924692676e+03
2.149590906554566250e-01 1.745376770889901991e+03
2.188648168449049691e-01 1.672410002795792252e+03
2.228415086167831460e-01 1.604059643746511028e+03
2.268904553891520071e-01 1.542136945134987172e+03
2.310129700083158044e-01 1.487347147238293701e+03
2.352103891745045972e-01 1.439541763983362898e+03
2.394840738752911091e-01 1.398258005237932821e+03
2.438354098268826486e-01 1.361672771808930065e+03
2.482658079234311699e-01 1.327753382828801705e+03
2.527767046945070262e-01 1.294526361522428488e+03
2.573695627708850742e-01 1.260021090682711701e+03
2.620458713587935917e-01 1.222642545224978903e+03
2.668071467227805527e-01 1.182225457827953505e+03
2.716549326773528561e-01 1.139201060371296535e+03
2.765908010875490763e-01 1.094549070611714797e+03
2.816163523786068823e-01 1.050199225885471833e+03
2.867332160548913267e-01 1.007895767388710169e+03
2.919430512282516488e-01 9.687829280168025434e+02
2.972475471559781202e-01 9.336180132119870905e+02
3.026484237885334050e-01 9.026092965388755829e+02
3.081474323272361815e-01 8.746853048098399768e+02
3.137463557920773805e-01 8.486692079541990097e+02
3.194470095998533932e-01 8.233526568511564392e+02
3.252512421528049313e-01 7.975158055321677466e+02
3.311609354379471126e-01 7.703342431486662463e+02
3.371780056372966072e-01 7.421956454048507794e+02
3.433044037491790323e-01 7.137615854697627356e+02
3.495421162208292576e-01 6.858268086977477651e+02
3.558931655924844062e-01 6.593482557000651241e+02
3.623596111531804942e-01 6.350416960621518001e+02
3.689435496084643162e-01 6.127431700858401200e+02
3.756471157602373490e-01 5.919846437247064159e+02
3.824724831989521623e-01 5.722472713406307321e+02
3.894218650083861588e-01 5.528734105286205249e+02
3.964975144832201814e-01 5.333162147323649833e+02
4.037017258596558023e-01 5.136369384900559680e+02
4.110368350593073261e-01 4.942168705972671319e+02
4.185052204466100934e-01 4.753909314882776016e+02
4.261093035999907741e-01 4.574451887006037509e+02
4.338515500970492877e-01 4.406056174040388669e+02
4.417344703140073103e-01 4.247719512029255498e+02
4.497606202396826069e-01 4.095978508026102531e+02
4.579326023042526450e-01 3.948070335706283345e+02
4.662530662230767176e-01 3.803092816145595521e+02
4.747247098558501910e-01 3.660695757820358267e+02
4.833502800813688771e-01 3.521551487209582660e+02
4.921325736881876911e-01 3.387464815633069861e+02
5.010744382814625864e-01 3.259804397395206479e+02
5.101787732062686986e-01 3.138132900731903874e+02
5.194485304876957921e-01 3.021408115552315508e+02
5.288867157880240422e-01 2.908750474117131262e+02
5.384963893812919622e-01 2.799461959906840889e+02
5.482806671455713321e-01 2.693014171405720845e+02
5.582427215732719272e-01 2.589712876998292472e+02
5.683857827998026746e-01 2.490265399726863507e+02
5.787131396509233028e-01 2.395035526705734981e+02
5.892281407091264356e-01 2.303674786558821097e+02
5.999341953993944099e-01 2.215759886235817362e+02
6.108347750946853116e-01 2.130949786178176453e+02
6.219334142415036126e-01 2.048971444843936638e+02
6.332337115059236687e-01 1.969651905703030934e+02
6.447393309404348960e-01 1.893125643741169881e+02
6.564540031719884317e-01 1.819568237171212672e+02
6.683815266116303055e-01 1.748939473512057248e+02
6.805257686861129196e-01 1.680971197095202285e+02
6.928906670918848487e-01 1.615429359672148735e+02
7.054802310718645275e-01 1.552234566191790179e+02
7.182985427154131575e-01 1.491361045925806366e+02
7.313497582819271647e-01 1.432768109259228595e+02
7.446381095484798651e-01 1.376394507354886798e+02
7.581679051819496529e-01 1.322173636634077525e+02
7.719435321360785807e-01 1.270007300257010598e+02
7.859694570739157449e-01 1.219784359723077927e+02
8.002502278161052196e-01 1.171416322429215313e+02
8.147904748154894961e-01 1.124859344580944338e+02
8.295949126585054900e-01 1.080074142315002206e+02
8.446683415938599504e-01 1.037004391006846902e+02
8.600156490889818706e-01 9.955818335669339092e+01
8.756418114147527243e-01 9.557418313958903866e+01
8.915518952590332225e-01 9.174266025941463454e+01
9.077510593695050645e-01 8.805814260746066680e+01
9.242445562263638115e-01 8.451536147551236411e+01
9.410377337454033375e-01 8.110924811518788147e+01
9.581360370120451941e-01 7.783488241516315043e+01
9.755450100468743280e-01 7.468741982125986567e+01
9.932702976032534714e-01 7.166215122173979069e+01
1.011317646997600850e+00 6.875455231168338344e+01
1.029692909972921511e+00 6.596028912606908534e+01
1.048402044596200344e+00 6.327517884272973703e+01
1.067451117190268306e+00 6.069518053027312021e+01
1.086846304300770338e+00 5.821639140339402019e+01
1.106593894698873592e+00 5.583504290575364593e+01
1.126700291420362099e+00 5.354749608948844042e+01
1.147172013841783356e+00 5.135023845407641829e+01
1.168015699794314743e+00 4.923988058885769448e+01
1.189238107716041437e+00 4.721315215669898180e+01
1.210846118843337704e+00 4.526689750715721061e+01
1.232846739442065909e+00 4.339807145983996861e+01
1.255247103079316418e+00 4.160373649792837369e+01
1.278054472936421826e+00 3.988106014375319575e+01
1.301276244164000895e+00 3.822731160286652141e+01
1.324919946279789151e+00 3.663985739627941030e+01
1.348993245610040859e+00 3.511615684328791787e+01
1.373503947775287060e+00 3.365376023783840509e+01
1.398460000221262156e+00 3.225030611771931888e+01
1.423869494795812818e+00 3.090351808139120493e+01
1.449740670372631435e+00 2.961120271800126247e+01
1.476081915522661214e+00 2.837124711251748010e+01
1.502901771234037342e+00 2.718161598249494659e+01
1.530208933681452166e+00 2.604034886174449070e+01
1.558012257045835680e+00 2.494555750931027305e+01
1.586320756385270592e+00 2.389542350729358233e+01
1.615143610558068543e+00 2.288819572136632985e+01
1.644490165198960741e+00 2.192218803812947314e+01
1.674369935749361549e+00 2.099577712790711814e+01
1.704792610542693154e+00 2.010739988290559666e+01
1.735768053945768719e+00 1.925555179315860954e+01
1.767306309557252098e+00 1.843878490106914469e+01
1.799417603464234849e+00 1.765570580096229847e+01
1.832112347557981691e+00 1.690497388953673052e+01
1.865401142909923093e+00 1.618529952412803752e+01
1.899294783208988369e+00 1.549544217839488347e+01
1.933804258261392794e+00 1.483420863409499013e+01
1.968940757554015653e+00 1.420045126144956349e+01
2.004715673882523141e+00 1.359306644403470798e+01
2.041140607045413002e+00 1.301099301604090108e+01
2.078227367605178344e+00 1.245321070825463039e+01
2.115987980717810579e+00 1.191873858343572934e+01
2.154434690031882038e+00 1.140663351539334336e+01
2.193579961658476574e+00 1.091598895391987689e+01
2.233436488213247806e+00 1.044593352300930178e+01
2.274017192931923503e+00 9.995629755818562501e+00
2.315335233860585262e+00 9.564272925139492898e+00
2.357404008122085948e+00 9.151089841383479140e+00
2.400237156259983795e+00 8.755337665505713574e+00
2.443848566661406263e+00 8.376302784040538185e+00
2.488252380060274493e+00 8.013299716187175292e+00
2.533462994122350320e+00 7.665670036589677494e+00
2.579495068113591749e+00 7.332781320861849750e+00
2.626363527653329921e+00 7.014026200339755768e+00
2.674083569553810769e+00 6.708821349515694088e+00
2.722670666747668111e+00 6.416606529741463838e+00
2.772140573304929134e+00 6.136843855078542020e+00
2.822509329541173617e+00 5.869016918649809789e+00
2.873793267218510028e+00 5.612629994451653559e+00
2.926009014841048916e+00 5.367207271763634324e+00
2.979173503046593563e+00 5.132292094392702175e+00
3.033303970096298485e+00 4.907446210923818164e+00
3.088417967464067715e+00 4.692249055844770034e+00
3.144533365527513613e+00 4.486297066653159860e+00
3.201668359362326299e+00 4.289203028203976586e+00
3.259841474641887782e+00 4.100595434764703562e+00
3.319071573644149620e+00 3.920117878870477135e+00
3.379377861367582891e+00 3.747428422630680434e+00
3.440779891758291242e+00 3.582199031830259894e+00
3.503297574050256991e+00 3.424115075503350702e+00
3.566951179220788859e+00 3.272874780316324728e+00
3.631761346563263881e+00 3.128188743360224677e+00
3.697749090379291115e+00 2.989779456582407402e+00
3.764935806792471418e+00 2.857380836969110938e+00
3.833343280685960419e+00 2.730737766431271751e+00
3.902993692766083544e+00 2.609605653531311464e+00
3.973909626754294599e+00 2.493750014952185623e+00
4.046114076709811158e+00 2.382946070345543621e+00
4.119630454485295523e+00 2.276978351007888257e+00
4.194482597318009098e+00 2.175640331824424845e+00
4.270694775558885325e+00 2.078734060058156974e+00
4.348291700542049831e+00 1.986069815883159340e+00
4.427298532597314207e+00 1.897465790771400096e+00
4.507740889208263546e+00 1.812747763859847483e+00
4.589644853318567641e+00 1.731748800631993657e+00
4.673036981789214117e+00 1.654308958298884580e+00
4.757944314009414200e+00 1.580275001874667407e+00
4.844394380663954003e+00 1.509500132504133063e+00
4.932415212659855719e+00 1.441843726007739024e+00
5.022035350215224625e+00 1.377171080110949131e+00
5.113283852113244876e+00 1.315353168728030875e+00
5.206190305124308360e+00 1.256266408068671181e+00
5.300784833599347934e+00 1.199792436031703602e+00
5.397098109237473018e+00 1.145817874852724350e+00
5.495161361031080993e+00 1.094234142835472490e+00
5.595006385391669390e+00 1.044937268253312457e+00
5.696665556459624469e+00 9.978276942503968572e-01
5.800171836601342612e+00 9.528101047193777706e-01
5.905558787097077378e+00 9.097932523814760142e-01
6.012860579022975216e+00 8.686897884101592027e-01
6.122112004330842794e+00 8.294160972083787220e-01
6.233348487129223514e+00 7.918921396723577200e-01
6.346606095169448736e+00 7.560413054144037304e-01
6.461921551540387831e+00 7.217902703817477006e-01
6.579332246575682497e+00 6.890688592980888094e-01
6.698876249977338659e+00 6.578099133973234203e-01
6.820592323159591963e+00 6.279491650926964930e-01
6.944519931817061398e+00 5.994251152870813115e-01
7.070699258721259817e+00 5.721789167466578840e-01
7.199171216749612690e+00 5.461542626309239257e-01
7.329977462151210155e+00 5.212972786896381550e-01
7.463160408053589379e+00 4.975564198882008737e-01
7.598763238214934823e+00 4.748823724941751423e-01
7.736829921026147083e+00 4.532279604692789343e-01
7.877405223767326881e+00 4.325480553321032207e-01
8.020534727123292740e+00 4.127994883627651435e-01
8.166264839962837030e+00 3.939409652433725206e-01
8.314642814386523639e+00 3.759329872925322724e-01
8.465716761047890060e+00 3.587377743680643105e-01
8.619535664753032123e+00 3.423191859062562070e-01
8.776149400343635776e+00 3.266426587391981773e-01
8.935608748868581586e+00 3.116751400450213927e-01
9.097965414049394184e+00 2.973850227275617875e-01
9.263272039044860406e+00 2.837420853531303910e-01
9.431582223520251773e+00 2.707174329150250913e-01
9.602950541026686437e+00 2.582834394839356729e-01
9.777432556696272314e+00 2.464136934132676038e-01
9.955084845258763693e+00 2.350829449727596387e-01
1.013596500938556844e+01 2.242732140879065694e-01
1.032013169836706901e+01 2.139605430038674927e-01
1.050764462712928982e+01 2.041220756062566699e-01
1.069856459559610684e+01 1.947360067648230275e-01
1.089295350840324339e+01 1.857815340064415399e-01
1.109087439497047534e+01 1.772388114103062851e-01
1.129239142993853662e+01 1.690889056231440757e-01
1.149756995397735615e+01 1.613137538969637019e-01
1.170647649497236564e+01 1.538961240563401778e-01
1.191917878959576704e+01 1.468195763065075488e-01
1.213574580526973357e+01 1.400684267976165243e-01
1.235624776252867285e+01 1.336277128644027812e-01
1.258075615778781575e+01 1.274831598642266195e-01
1.280934378652548133e+01 1.216211495399869003e-01
1.304208476688657470e+01 1.160286898377908549e-01
1.327905456371494530e+01 1.106933861124868024e-01
1.352033001302239157e+01 1.056034136572422399e-01
1.376598934690228049e+01 1.007474914962837864e-01
1.401611221889582559e+01 9.611485738271569046e-02
1.427077972981925313e+01 9.169524394600474249e-02
1.453007445406026044e+01 8.747885593626576750e-02
1.479408046635224316e+01 8.345634851491522122e-02
1.506288336903502589e+01 7.961880654357710030e-02
1.533657031981089958e+01 7.595772482533938441e-02
1.561523006000496494e+01 7.246498925456971996e-02
1.589895294333897446e+01 6.913285883351158456e-02
1.618783096522797393e+01 6.595394851580480000e-02
1.648195779260925065e+01 6.292121283890610151e-02
1.678142879431328183e+01 6.002793030913365635e-02
1.708634107198646745e+01 5.726768850472866573e-02
1.739679349157577803e+01 5.463436986391684291e-02
1.771288671538542303e+01 5.212213812647239347e-02
1.803472323471597605e+01 4.972542539873454903e-02
1.836240740309657582e+01 4.743891981340829511e-02
1.869604547012090734e+01 4.525755375680011461e-02
1.903574561589799430e+01 4.317649263739619520e-02
1.938161798612893350e+01 4.119112417089099143e-02
1.973377472782096476e+01 3.929704815791822820e-02
2.009233002565045823e+01 3.749006673182869037e-02
2.045740013898660692e+01 3.576617505490073401e-02
2.082910343958780075e+01 3.412155244236360352e-02
2.120756044998296730e+01 3.255255389456127718e-02
2.159289388255024633e+01 3.105570201848979403e-02
2.198522867930574520e+01 2.962767932080340866e-02
2.238469205241522886e+01 2.826532085520853596e-02
2.279141352544187171e+01 2.696560720794997229e-02
2.320552497534349712e+01 2.572565780584268325e-02
2.362716067523287578e+01 2.454272453201796975e-02
2.405645733791495289e+01 2.341418563523437954e-02
2.449355416021515808e+01 2.233753991925440871e-02
2.493859286811311549e+01 2.131040119940902713e-02
2.539171776269643388e+01 2.033049301406382459e-02
2.585307576694945197e+01 1.939564357926589974e-02
2.632281647339211617e+01 1.850378097538927027e-02
2.680109219258445918e+01 1.765292855511097284e-02
2.728805800251235070e+01 1.684120056254051825e-02
2.778387179887059943e+01 1.606679795379323261e-02
2.828869434625966406e+01 1.532800440974461074e-02
2.880268933031260659e+01 1.462318253212868853e-02
2.932602341076914598e+01 1.395077021454983225e-02
2.985886627551407102e+01 1.330927718036488579e-02
3.040139069559749530e+01 1.269728167976261202e-02
3.095377258125482811e+01 1.211342733872007929e-02
3.151619103894459428e+01 1.155642015285229980e-02
3.208882842942259117e+01 1.102502561949258823e-02
3.267187042687134380e+01 1.051806600164728774e-02
3.326550607910355950e+01 1.003441771776133681e-02
3.386992786886009554e+01 9.573008851508742895e-03
3.448533177622108781e+01 9.132816776089930366e-03
3.511191734215134375e+01 8.712865887769882106e-03
3.574988773320028912e+01 8.312225443634205235e-03
3.639944980737747215e+01 7.930007498770845140e-03
3.706081418122502669e+01 7.565364938305588378e-03
3.773419529810879425e+01 7.217489599929753120e-03
3.841981149775027404e+01 6.885610482758973763e-03
3.911788508702196054e+01 6.568992038553366289e-03
3.982864241202898370e+01 6.266932541511872033e-03
4.055231393150043573e+01 5.978762533027752457e-03
4.128913429151423742e+01 5.703843337958279525e-03
4.203934240157968816e+01 5.441565649120258183e-03
4.280318151210240529e+01 5.191348176874168233e-03
4.358089929325681311e+01 4.952636360803949929e-03
4.437274791529165441e+01 4.724901140637159137e-03
4.517898413029466553e+01 4.507637783681420207e-03
4.599986935544290390e+01 4.300364766178435029e-03
4.683566975776562202e+01 4.102622706096282351e-03
4.768665634044735668e+01 3.913973344994704090e-03
4.855310503069902239e+01 3.733998576706925362e-03
4.943529676922564420e+01 3.562299520685215538e-03
5.033351760131965591e+01 3.398495637956460303e-03
5.124805876960936502e+01 3.242223887728415323e-03
5.217921680849256916e+01 3.093137922777417122e-03
5.312729364028605517e+01 2.950907321834282757e-03
5.409259667312205266e+01 2.815216857267116395e-03
5.507543890062343195e+01 2.685765796437988157e-03
5.607613900339002555e+01 2.562267235185056776e-03
5.709502145232881531e+01 2.444447461952947882e-03
5.813241661386169312e+01 2.332045351162071248e-03
5.918866085704470947e+01 2.224811784472425970e-03
6.026409666263374731e+01 2.122509098659196985e-03
6.135907273413175744e+01 2.024910558876497589e-03
6.247394411085379318e+01 1.931799856141815097e-03
6.360907228304631644e+01 1.842970627927447433e-03
6.476482530909821378e+01 1.758226000796402544e-03
6.594157793488149366e+01 1.677378154069099478e-03
6.713971171526031867e+01 1.600247903553820260e-03
6.835961513780789289e+01 1.526664304418325242e-03
6.960168374877115127e+01 1.456464272322480083e-03
7.086632028132422079e+01 1.389492221972193214e-03
7.215393478615223444e+01 1.325599722293594731e-03
7.346494476440769006e+01 1.264645167463213007e-03
7.479977530308275391e+01 1.206493463065042579e-03
7.615885921284103688e+01 1.151015726678939486e-03
7.754263716835387754e+01 1.098089002236744003e-03
7.895155785118633673e+01 1.047595987513062332e-03
8.038607809527958636e+01 9.994247741467315871e-04
8.184666303507637508e+01 9.534685996167884718e-04
8.333378625633820036e+01 9.096256106232246787e-04
8.484792994970244706e+01 8.677986373481254767e-04
8.638958506702986995e+01 8.278949780968664377e-04
8.795925148059268395e+01 7.898261938420774635e-04
8.955743814515516021e+01 7.535079122150115842e-04
9.118466326299902391e+01 7.188596405099092947e-04
9.284145445194744184e+01 6.858045872869085935e-04
9.452834891644188531e+01 6.542694921781236350e-04
9.624589362172737594e+01 6.241844635196874347e-04
9.799464547120258828e+01 5.954828234498983717e-04
9.977517148699251948e+01 5.681009601301589568e-04
1.015880489938017632e+02 5.419781867611881462e-04
1.034338658061087131e+02 5.170566070820329773e-04
1.053132204187606931e+02 4.932809870537928874e-04
1.072267222010323167e+02 4.705986324436611042e-04
1.091749915942097431e+02 4.489592720379738757e-04
1.111586603127649795e+02 4.283149462254297758e-04
1.131783715491854991e+02 4.086199007035449908e-04
1.152347801825253839e+02 3.898304850727660523e-04
1.173285529907459477e+02 3.719050560934897276e-04
1.194603688669144077e+02 3.548038853915799827e-04
1.216309190393307915e+02 3.384890714078277077e-04
1.238409072956545316e+02 3.229244553962049447e-04
1.260910502111033082e+02 3.080755412847401139e-04
1.283820773807981936e+02 2.939094192214003454e-04
1.307147316563304003e+02 2.803946926355354056e-04
1.330897693866265001e+02 2.675014086532266134e-04
1.355079606631897207e+02 2.552009917123229080e-04
1.379700895697976932e+02 2.434661802300287802e-04
1.404769544367365768e+02 2.322709661826860192e-04
1.430293680996549881e+02 2.215905374638328770e-04
1.456281581631209292e+02 2.114012228927925790e-04
1.482741672689674886e+02 2.016804397519112162e-04
1.509682533695143150e+02 1.924066437361705167e-04
1.537112900057535683e+02 1.835592812042487383e-04
1.565041665905900174e+02 1.751187436252044224e-04
1.593477886972280260e+02 1.670663241198192027e-04
1.622430783527979088e+02 1.593841760002856251e-04
1.651909743373176980e+02 1.520552732163478818e-04
1.681924324880868937e+02 1.450633726202327819e-04
1.712484260096107960e+02 1.383929779667389891e-04
1.743599457891562281e+02 1.320293055686957593e-04
1.775280007180405164e+02 1.259582515316748721e-04
1.807536180187585728e+02 1.201663604953352580e-04
1.840378435780533266e+02 1.146407958121238547e-04
1.873817422860383033e+02 1.093693110972371394e-04
1.907863983814815754e+02 1.043402230867908689e-04
1.942529158033637202e+02 9.954238574404173333e-05
1.977824185488231876e+02 9.496516555627350701e-05
2.013760510376056345e+02 9.059841796759669265e-05
2.050349784831349211e+02 8.643246489543043572e-05
2.087603872703265608e+02 8.245807328083509704e-05
2.125534853402657802e+02 7.866643462515714841e-05
2.164155025818749607e+02 7.504914546763288624e-05
2.203476912306977624e+02 7.159818876068289395e-05
2.243513262749287946e+02 6.830591610161960297e-05
2.284277058688207092e+02 6.516503078138754731e-05
2.325781517536028957e+02 6.216857161276690411e-05
2.368040096860479764e+02 5.930989750219883242e-05
2.411066498748252513e+02 5.658267273103866941e-05
2.454874674247824373e+02 5.398085291361585469e-05
2.499478827893000243e+02 5.149867160097898618e-05
2.544893422308645086e+02 4.913062750063595783e-05
2.591133182900102838e+02 4.687147228396390276e-05
2.638213102627818785e+02 4.471619895426653750e-05
2.686148446868714927e+02 4.266003074969865341e-05
2.734954758365896623e+02 4.069841055646330628e-05
2.784647862268292329e+02 3.882699080881802457e-05
2.835243871261860704e+02 3.704162385350519797e-05
2.886759190794030019e+02 3.533835275725130616e-05
2.939210524393067203e+02 3.371340253696136514e-05
2.992614879084092649e+02 3.216317179317217329e-05
3.046989570903505182e+02 3.068422472822121365e-05
3.102352230513601512e+02 2.927328353144124427e-05
3.158720808919210299e+02 2.792722111450347572e-05
3.216113583288204154e+02 2.664305418080871332e-05
3.274549162877731874e+02 2.541793661356675475e-05
3.334046495068195668e+02 2.424915316790782864e-05
3.394624871506800332e+02 2.313411345304871596e-05
3.456303934362755967e+02 2.207034619117400153e-05
3.519103682696131727e+02 2.105549374030915008e-05
3.583044478942431965e+02 2.008730686904621854e-05
3.648147055514987755e+02 1.916363977154150240e-05
3.714432521527318727e+02 1.828244531173653687e-05
3.781922369637633210e+02 1.744177048626241537e-05
3.850638483017690419e+02 1.663975209597162968e-05
3.920603142448287599e+02 1.587461261650421801e-05
3.991839033543666915e+02 1.514465625873616180e-05
4.064369254107185725e+02 1.444826521037868389e-05
4.138217321620641655e+02 1.378389605039867314e-05
4.213407180869668309e+02 1.315007632831349980e-05
4.289963211707691357e+02 1.254540130077878183e-05
4.367910236960942711e+02 1.196853081823646411e-05
4.447273530477112331e+02 1.141818635472296682e-05
4.528078825320241094e+02 1.089314817425453890e-05
4.610352322114506478e+02 1.039225262750968578e-05
4.694120697539617026e+02 9.914389572817207405e-06
4.779411112980564553e+02 9.458499915733973486e-06
4.866251223334533620e+02 9.023573261759407156e-06
4.954669185977838310e+02 8.608645676984261742e-06
5.044693669895775088e+02 8.212797551710706030e-06
5.136353864978369756e+02 7.835151562308709006e-06
5.229679491485020435e+02 7.474870726791663360e-06
5.324700809681110059e+02 7.131156549801717790e-06
5.421448629649711393e+02 6.803247252893572564e-06
5.519954321281572902e+02 6.490416086194444727e-06
5.620249824446611910e+02 6.191969717698364600e-06
5.722367659350220492e+02 5.907246696624951012e-06
5.826340937077746958e+02 5.635615987436959267e-06
5.932203370330565804e+02 5.376475571267556221e-06
6.039989284357206998e+02 5.129251111657678270e-06
6.149733628083116628e+02 4.893394681646229492e-06
6.261471985442630057e+02 4.668383549392053853e-06
6.375240586916846723e+02 4.453719019636179218e-06
6.491076321281138917e+02 4.248925328436685788e-06
6.609016747566117829e+02 4.053548588726543242e-06
6.729100107235915402e+02 3.867155784357484028e-06
6.851365336587749653e+02 3.689333810400371317e-06
6.975852079376779784e+02 3.519688557575080149e-06
7.102600699670350650e+02 3.357844038780694743e-06
7.231652294935798864e+02 3.203441555790133694e-06
7.363048709366054254e+02 3.056138904262354416e-06
7.496832547447362458e+02 2.915609615310177033e-06
7.633047187773535143e+02 2.781542231942808184e-06
7.771736797111187798e+02 2.653639618779443346e-06
7.912946344720548950e+02 2.531618303504046482e-06
8.056721616936468990e+02 2.415207848601764249e-06
8.203109232014355712e+02 2.304150251984556323e-06
8.352156655245864840e+02 2.198199375177624860e-06
8.503912214349228407e+02 2.097120397799338625e-06
8.658425115139220907e+02 2.000689297125601216e-06
8.815745457481850735e+02 1.908692351585210331e-06
8.975924251538929184e+02 1.820925667085812742e-06
9.139013434307811394e+02 1.737194725120626274e-06
9.305065886461643458e+02 1.657313951654408650e-06
9.474135449495605599e+02 1.581106305833175162e-06
9.646276943184683432e+02 1.508402887606126425e-06
9.821546183358648250e+02 1.439042563390148279e-06
1.000000000000000000e+03 1.372871608947242392e-06
