1.000000000000000021e-03 2.042442956692230496e+02
1.018169625567074028e-03 2.027610480034682041e+02
1.036669386427395770e-03 2.012880675692016155e+02
1.055505281015629805e-03 1.998252832963259493e+02
1.074683416755753060e-03 1.983726246048976236e+02
1.094210012041349012e-03 1.969300214049878832e+02
1.114091398251883941e-03 1.954974040911772306e+02
1.134334021805618589e-03 1.940747035397789091e+02
1.154944446249819845e-03 1.926618511059918717e+02
1.175929354388950731e-03 1.912587786200531355e+02
1.197295550451529106e-03 1.898654183835737967e+02
1.219049962296357226e-03 1.884817031679156685e+02
1.241199643658837722e-03 1.871075662084370776e+02
1.263751776438104589e-03 1.857429412037702718e+02
1.286713673025709475e-03 1.843877623109685544e+02
1.310092778676621127e-03 1.830419641428140949e+02
1.333896673923303010e-03 1.817054817650143832e+02
1.358133077033654712e-03 1.803782506926492033e+02
1.382809846513614448e-03 1.790602068868065260e+02
1.407934983655229977e-03 1.777512867527144351e+02
1.433516635131029931e-03 1.764514271347709382e+02
1.459563095635532789e-03 1.751605653154116453e+02
1.486082810574749797e-03 1.738786390107986506e+02
1.513084378804558077e-03 1.726055863682104814e+02
1.540576555418825830e-03 1.713413459633116815e+02
1.568568254588198398e-03 1.700858567968657269e+02
1.597068552450465031e-03 1.688390582916143217e+02
1.626086690053438763e-03 1.676008902902725879e+02
1.655632076351312406e-03 1.663712930511754564e+02
1.685714291255453181e-03 1.651502072468755102e+02
1.716343088740630461e-03 1.639375739602701856e+02
1.747528400007682938e-03 1.627333346820858537e+02
1.779280336703650475e-03 1.615374313082379842e+02
1.811609194200413395e-03 1.603498061367770333e+02
1.844525454932903485e-03 1.591704018649809314e+02
1.878039791797971123e-03 1.579991615872809803e+02
1.912163071615006170e-03 1.568360287914080970e+02
1.946906358649436956e-03 1.556809473568101225e+02
1.982280918200252703e-03 1.545338615511497835e+02
2.018298220252707099e-03 1.533947160278892454e+02
2.054969943197390656e-03 1.522634558237438398e+02
2.092307977616878790e-03 1.511400263558428492e+02
2.130324430141179465e-03 1.500243734190048883e+02
2.169031627373234610e-03 1.489164431836489086e+02
2.208442119885747727e-03 1.478161821923434900e+02
2.248568686290627026e-03 1.467235373581188185e+02
2.289424337382375482e-03 1.456384559612758380e+02
2.331022320356759651e-03 1.445608856470719843e+02
2.373376123106134186e-03 1.434907744232793618e+02
2.416499478592806349e-03 1.424280706575330839e+02
2.460406369301867350e-03 1.413727230747774399e+02
2.505111031774926410e-03 1.403246807551886945e+02
2.550627961226223372e-03 1.392838931310633654e+02
2.596971916242613032e-03 1.382503099850728461e+02
2.644157923568948160e-03 1.372238814473409718e+02
2.692201282980408172e-03 1.362045579932299688e+02
2.741117572243358547e-03 1.351922904410067190e+02
2.790922652166347336e-03 1.341870299493610901e+02
2.841632671742875052e-03 1.331887280150044148e+02
2.893264073387607181e-03 1.321973364706338998e+02
2.945833598267727591e-03 1.312128074821005157e+02
2.999358291731158473e-03 1.302350935466449471e+02
3.053855508833412322e-03 1.292641474902099503e+02
3.109342919964861850e-03 1.282999224653228225e+02
3.165838516580262753e-03 1.273423719488713459e+02
3.223360617032346859e-03 1.263914497397788068e+02
3.281927872511477152e-03 1.254471099567404622e+02
3.341559273093154883e-03 1.245093070362445218e+02
3.402274153895441799e-03 1.235779957299788379e+02
3.464092201348255556e-03 1.226531311030767029e+02
3.527033459576574444e-03 1.217346685316323232e+02
3.591118336899622697e-03 1.208225637006799928e+02
3.656367612448142325e-03 1.199167726020788081e+02
3.722802442901901234e-03 1.190172515323301496e+02
3.790444369349617315e-03 1.181239570904417633e+02
3.859315324273524580e-03 1.172368461760169822e+02
3.929437638660845597e-03 1.163558759868672041e+02
4.000834049244480876e-03 1.154810040172849739e+02
4.073527705875253611e-03 1.146121880557394519e+02
4.147542179028108900e-03 1.137493861829532307e+02
4.222901467444696057e-03 1.128925567698899926e+02
4.299630005914813376e-03 1.120416584757033434e+02
4.377752673199241523e-03 1.111966502457230206e+02
4.457294800096529494e-03 1.103574913096151136e+02
4.538282177656349954e-03 1.095241411791751318e+02
4.620741065542091110e-03 1.086965596466428110e+02
4.704698200545393005e-03 1.078747067825584622e+02
4.790180805255389931e-03 1.070585429339323440e+02
4.877216596885465723e-03 1.062480287223354054e+02
4.965833796260393784e-03 1.054431250419687842e+02
5.056061136966767504e-03 1.046437930577619966e+02
5.147927874669687431e-03 1.038499942036114732e+02
5.241463796598739254e-03 1.030616901803301175e+02
5.336699231206312212e-03 1.022788429540154169e+02
5.433665058001422958e-03 1.015014147540491507e+02
5.532392717562202057e-03 1.007293680713569586e+02
5.632914221730314815e-03 9.996266565659824721e+01
5.735262163990601132e-03 9.920127051834850818e+01
5.839469730039317970e-03 9.844514592130312280e+01
5.945570708544394012e-03 9.769425538459380221e+01
6.053599502101209354e-03 9.694856267987974263e+01
6.163591138387413890e-03 9.620803182977321910e+01
6.275581281520449008e-03 9.547262710597019009e+01
6.389606243621414640e-03 9.474231302759847040e+01
6.505702996589052961e-03 9.401705435950032097e+01
6.623909184087668593e-03 9.329681611052247092e+01
6.744263133752843344e-03 9.258156353181691145e+01
6.866803869618955287e-03 9.187126211523781194e+01
6.991571124772466908e-03 9.116587759155919457e+01
7.118605354235148230e-03 9.046537592896171986e+01
7.247947748081369664e-03 8.976972333128384207e+01
7.379640244793725899e-03 8.907888623645325765e+01
7.513725544861338083e-03 8.839283131486152456e+01
7.650247124625228316e-03 8.771152546775184078e+01
7.789249250375252474e-03 8.703493582561455355e+01
7.930776992703184036e-03 8.636302974666135412e+01
8.074876241116565878e-03 8.569577481515808870e+01
8.221593718918117008e-03 8.503313883997634548e+01
8.370976998355466464e-03 8.437508985295424679e+01
8.523074516046174817e-03 8.372159610740888525e+01
8.677935588683004589e-03 8.307262607659839659e+01
8.835610429024561355e-03 8.242814845220264885e+01
8.996150162176471538e-03 8.178813214280719990e+01
9.159606842168389537e-03 8.115254627245407448e+01
9.326033468832199691e-03 8.052136017908082977e+01
9.495484004986880916e-03 7.989454341313650332e+01
9.668013393935633720e-03 7.927206573604452444e+01
9.843677577280900495e-03 7.865389711879301160e+01
1.002253351306309562e-02 7.804000774048130040e+01
1.020463919422890525e-02 7.743036798688716260e+01
1.039005366743513126e-02 7.682494844903565934e+01
1.057883705219423223e-02 7.622371992182461042e+01
1.077105056036769225e-02 7.562665340256108948e+01
1.096675651601359408e-02 7.503372008964312556e+01
1.116601837559483106e-02 7.444489138111676141e+01
1.136890074855445749e-02 7.386013887334223682e+01
1.157546941826491892e-02 7.327943435962032481e+01
1.178579136335791006e-02 7.270274982884305359e+01
1.199993477944177704e-02 7.213005746414216901e+01
1.221796910121354489e-02 7.156132964158801713e+01
1.243996502497267398e-02 7.099653892881678985e+01
1.266599453154392506e-02 7.043565808377715598e+01
1.289613090961668450e-02 6.987866005337643571e+01
1.313044877950839129e-02 6.932551797221894674e+01
1.336902411735970200e-02 6.877620516131041484e+01
1.361193427976931103e-02 6.823069512678645765e+01
1.385925802887633812e-02 6.768896155863910735e+01
1.411107555789848679e-02 6.715097832948605117e+01
1.436746851713419093e-02 6.661671949328302844e+01
1.462852004043724459e-02 6.608615928413564689e+01
1.489431477217242894e-02 6.555927211502884688e+01
1.516493889466094015e-02 6.503603257663600345e+01
1.544048015612448782e-02 6.451641543609760276e+01
1.572102789913710705e-02 6.400039563582552660e+01
1.600667308959395282e-02 6.348794829230327252e+01
1.629750834620643379e-02 6.297904869492507629e+01
1.659362797053326802e-02 6.247367230478856470e+01
1.689512797755718734e-02 6.197179475357089018e+01
1.720210612681719736e-02 6.147339184233785403e+01
1.751466195410653764e-02 6.097843954042139103e+01
1.783289680374652852e-02 6.048691398427124710e+01
1.815691386144687586e-02 5.999879147633141940e+01
1.848681818776298086e-02 5.951404848391254632e+01
1.882271675216120807e-02 5.903266163809902167e+01
1.916471846770307144e-02 5.855460773261875573e+01
1.951293422635962116e-02 5.807986372278323017e+01
1.986747693496752204e-02 5.760840672437291232e+01
2.022846155183835939e-02 5.714021401258259658e+01
2.059600512403321482e-02 5.667526302094345425e+01
2.097022682531443985e-02 5.621353134027038578e+01
2.135124799478701346e-02 5.575499671760497478e+01
2.173919217624203232e-02 5.529963705518966322e+01
2.213418515821501814e-02 5.484743040941214076e+01
2.253635501477206995e-02 5.439835498980960438e+01
2.294583214703713181e-02 5.395238915802826796e+01
2.336274932547372646e-02 5.350951142683558004e+01
2.378724173293499458e-02 5.306970045911253919e+01
2.421944700849590001e-02 5.263293506687035261e+01
2.465950529208186040e-02 5.219919421026354200e+01
2.510755926990827086e-02 5.176845699663098799e+01
2.556375422074562420e-02 5.134070267951379662e+01
2.602823806302528159e-02 5.091591065772405500e+01
2.650116140280111415e-02 5.049406047437791045e+01
2.698267758258260374e-02 5.007513181597482088e+01
2.747294273105521309e-02 4.965910451145992965e+01
2.797211581370415492e-02 4.924595853131066292e+01
2.848035868435799117e-02 4.883567398661962500e+01
2.899783613766874005e-02 4.842823112820403963e+01
2.952471596254555020e-02 4.802361034569643294e+01
3.006116899655921285e-02 4.762179216668003079e+01
3.060736918133523388e-02 4.722275725579519445e+01
3.116349361895335776e-02 4.682648641388735911e+01
3.172972262937164001e-02 4.643296057714101011e+01
3.230623980889444496e-02 4.604216081623683010e+01
3.289323208970214990e-02 4.565406833550667187e+01
3.349088980046290714e-02 4.526866447211291700e+01
3.409940672804545603e-02 4.488593069521375867e+01
3.471898018035340927e-02 4.450584860516779173e+01
3.534981105030109844e-02 4.412839993271585826e+01
3.599210388095187840e-02 4.375356653820021791e+01
3.664606693184001285e-02 4.338133041077253438e+01
3.731191224649747784e-02 4.301167366762537370e+01
3.798985572120786025e-02 4.264457855322132929e+01
3.868011717500936808e-02 4.228002743854663237e+01
3.938292042096983719e-02 4.191800282035371339e+01
4.009849333875673688e-02 4.155848732043951799e+01
4.082706794852575954e-02 4.120146368490608069e+01
4.156888048615196146e-02 4.084691478345578020e+01
4.232417147982778932e-02 4.049482360867779818e+01
4.309318582805289621e-02 4.014517327535804014e+01
4.387617287904096303e-02 3.979794701978833160e+01
4.467338651156934487e-02 3.945312819909894841e+01
4.548508521729773685e-02 3.911070029058400621e+01
4.631153218458248372e-02 3.877064689105954187e+01
4.715299538381385186e-02 3.843295171620878392e+01
4.800974765430372077e-02 3.809759859995972420e+01
4.888206679275212962e-02 3.776457149385674938e+01
4.977023564332114236e-02 3.743385446645609704e+01
5.067454218934532018e-02 3.710543170272182323e+01
5.159527964670862499e-02 3.677928750344538855e+01
5.253274655891779915e-02 3.645540628466120836e+01
5.348724689390333548e-02 3.613377257709309021e+01
5.445909014257920011e-02 3.581437102559218744e+01
5.544859141919339374e-02 3.549718638860588982e+01
5.645607156350181122e-02 3.518220353764378672e+01
5.748185724479858150e-02 3.486940745676784559e+01
5.852628106783656914e-02 3.455878324208519103e+01
5.958968168067248911e-02 3.425031610126464443e+01
6.067240388447145416e-02 3.394399135305276616e+01
6.177479874530657916e-02 3.363979442681969090e+01
6.289722370799015472e-02 3.333771086210042256e+01
6.404004271197283327e-02 3.303772630816698808e+01
6.520362630934881110e-02 3.273982652360013645e+01
6.638835178500508694e-02 3.244399737588646104e+01
6.759460327895382148e-02 3.215022484102022560e+01
6.882277191088732871e-02 3.185849500313000959e+01
7.007325590699629847e-02 3.156879405410800032e+01
7.134646072909217596e-02 3.128110829326864817e+01
7.264279920607573382e-02 3.099542412700734673e+01
7.396269166779426141e-02 3.071172806848939629e+01
7.530656608133103058e-02 3.043000673734199069e+01
7.667485818977094747e-02 3.015024685937289206e+01
7.806801165348757621e-02 2.987243526629623247e+01
7.948647819399741465e-02 2.959655889548414009e+01
8.093071774042776001e-02 2.932260478972461826e+01
8.240119857864587616e-02 2.905056009700896524e+01
8.389839750309799338e-02 2.878041207032295290e+01
8.542279997140682368e-02 2.851214806746898134e+01
8.697490026177834288e-02 2.824575555089420931e+01
8.855520163326847938e-02 2.798122208754678297e+01
9.016421648896169594e-02 2.771853534874177427e+01
9.180246654211472734e-02 2.745768311005419093e+01
9.347048298531879240e-02 2.719865325122136213e+01
9.516880666273561107e-02 2.694143375607522373e+01
9.689798824546276557e-02 2.668601271248204654e+01
9.865858841008558200e-02 2.643237831231330048e+01
1.004511780204729032e-01 2.618051885142560309e+01
1.022763383128763998e-01 2.593042272966949824e+01
1.041346610843927462e-01 2.568207845091033192e+01
1.060267488848503220e-01 2.543547462307683205e+01
1.079532152121822353e-01 2.519059995822156139e+01
1.099146847113493392e-01 2.494744327261114947e+01
1.119117933768775525e-01 2.470599348682649321e+01
1.139451887590751805e-01 2.446623962589378465e+01
1.160155301739971556e-01 2.422817081942616824e+01
1.181234889172242536e-01 2.399177630179432796e+01
1.202697484815266477e-01 2.375704541230957645e+01
1.224550047784821460e-01 2.352396759543449178e+01
1.246799663641214306e-01 2.329253240100565492e+01
1.269453546686729051e-01 2.306272948448460980e+01
1.292519042304821064e-01 2.283454860721894164e+01
1.316003629341812864e-01 2.260797963673190125e+01
1.339914922531864061e-01 2.238301254702151155e+01
1.364260674966003006e-01 2.215963741888594640e+01
1.389048780606018940e-01 2.193784444025922653e+01
1.414287276844031216e-01 2.171762390657035624e+01
1.439984347108563822e-01 2.149896622111181443e+01
1.466148323517973973e-01 2.128186189543059115e+01
1.492787689582089072e-01 2.106630154972537738e+01
1.519911082952933035e-01 2.085227591326528085e+01
1.547527298225433723e-01 2.063977582481228623e+01
1.575645289789015802e-01 2.042879223306172065e+01
1.604274174731006031e-01 2.021931619708512073e+01
1.633423235792795247e-01 2.001133888678667461e+01
1.663101924379708774e-01 1.980485158335904572e+01
1.693319863625568356e-01 1.959984567974953862e+01
1.724086851512934004e-01 1.939631268112031037e+01
1.755412864050039379e-01 1.919424420531552045e+01
1.787308058505453490e-01 1.899363198331726466e+01
1.819782776701511784e-01 1.879446785970241862e+01
1.852847548367588526e-01 1.859674379308387415e+01
1.886513094554298775e-01 1.840045185654508231e+01
1.920790331109732685e-01 1.820558423805295689e+01
1.955690372218852613e-01 1.801213324085707868e+01
1.991224534007200730e-01 1.782009128385855234e+01
2.027404338210082868e-01 1.762945090195788822e+01
2.064241515908421809e-01 1.744020474636314688e+01
2.101748011332486843e-01 1.725234558486717873e+01
2.139935985734740809e-01 1.706586630207614164e+01
2.178817821333048355e-01 1.688075989959510892e+01
2.218406125325538270e-01 1.669701949615426884e+01
2.258713733978406635e-01 1.651463832768022755e+01
2.299753716788001667e-01 1.633360974729432868e+01
2.341539380718526686e-01 1.615392722524357438e+01
2.384084274516740654e-01 1.597558434874390265e+01
2.427402193105059613e-01 1.579857482174087835e+01
2.471507182054472618e-01 1.562289246456819214e+01
2.516413542138736803e-01 1.544853121350602088e+01
2.562135833971311838e-01 1.527548512022120164e+01
2.608688882726553637e-01 1.510374835108953206e+01
2.656087782946683906e-01 1.493331518638097322e+01
2.704347903436105094e-01 1.476418001930920276e+01
2.753484892244640880e-01 1.459633735492392859e+01
2.803514681741320902e-01 1.442978180884777117e+01
2.854453493780355622e-01 1.426450810583637718e+01
2.906317844960971120e-01 1.410051107816135918e+01
2.959124551982817430e-01 1.393778566379664063e+01
3.012890737098680716e-01 1.377632690440640495e+01
3.067633833666269516e-01 1.361612994311495761e+01
3.123371591800873648e-01 1.345719002205852988e+01
3.180122084130738158e-01 1.329950247969769350e+01
3.237903711656976435e-01 1.314306274789201012e+01
3.296735209720023096e-01 1.298786634871675538e+01
3.356635654074425212e-01 1.283390889102258114e+01
3.417624467074047989e-01 1.268118606672150150e+01
3.479721423969654448e-01 1.252969364679983499e+01
3.542946659320909131e-01 1.237942747704360080e+01
3.607320673524885835e-01 1.223038347348044397e+01
3.672864339463198236e-01 1.208255761752424107e+01
3.739598909269903348e-01 1.193594595083065713e+01
3.807546021222376065e-01 1.179054456985347166e+01
3.876727706757389091e-01 1.164634962011192520e+01
3.947166397614672584e-01 1.150335729016553366e+01
4.018884933110267177e-01 1.136156380530978360e+01
4.091906567542036299e-01 1.122096542099441763e+01
4.166254977729726416e-01 1.108155841598509639e+01
4.241954270692033790e-01 1.094333908527425869e+01
4.319028991463158551e-01 1.080630373277019274e+01
4.397504131051381271e-01 1.067044866377786150e+01
4.477405134542246645e-01 1.053577017730637877e+01
4.558757909348974402e-01 1.040226455822753060e+01
4.641588833612782516e-01 1.026992806932726587e+01
4.725924764755838337e-01 1.013875694328379140e+01
4.811793048189614841e-01 1.000874737462524067e+01
4.899221526181469777e-01 9.879895511707950106e+00
4.988238546882335922e-01 9.752197448779728717e+00
5.078872973518433476e-01 9.625649218179084698e+00
5.171154193749994965e-01 9.500246782742571838e+00
5.265112129200036906e-01 9.375986028483143997e+00
5.360777245156261861e-01 9.252862757618549594e+00
5.458180560449241714e-01 9.130872682020839903e+00
5.557353657510086808e-01 9.010011417174654369e+00
5.658328692610854471e-01 8.890274476718623475e+00
5.761138406291025360e-01 8.771657267663471202e+00
5.865816133973422719e-01 8.654155086363331861e+00
5.972395816773021782e-01 8.537763115331880925e+00
6.080912012502146524e-01 8.422476420979924328e+00
6.191399906875633130e-01 8.308289952358119734e+00
6.303895324919580601e-01 8.195198540972787882e+00
6.418434742587398878e-01 8.083196901747280450e+00
6.535055298586910366e-01 7.972279635177349277e+00
6.653794806422357322e-01 7.862441230733774766e+00
6.774691766655193126e-01 7.753676071534575165e+00
6.897785379387658677e-01 7.645978440307486856e+00
7.023115556973169582e-01 7.539342526632286656e+00
7.150722936957664144e-01 7.433762435440724126e+00
7.280648895256074393e-01 7.329232196718773018e+00
7.412935559568206711e-01 7.225745776340881221e+00
7.547625823038410786e-01 7.123297087924373550e+00
7.684763358163396729e-01 7.021880005578977624e+00
7.824392630952796690e-01 6.921488377380041968e+00
7.966558915346981795e-01 6.822116039378150809e+00
8.111308307896872849e-01 6.723756829916710309e+00
8.258687742710455471e-01 6.626404604009858978e+00
8.408745006670889088e-01 6.530053247498926794e+00
8.561528754931102547e-01 6.434696690694077681e+00
8.717088526689937833e-01 6.340328921177918353e+00
8.875474761254931177e-01 6.246943995453000831e+00
9.036738814396948483e-01 6.154536049097035111e+00
9.200932975001985259e-01 6.063099305110155157e+00
9.368110482025515662e-01 5.972628080145722329e+00
9.538325541754902881e-01 5.883116788352960924e+00
9.711633345385447535e-01 5.794559942594661450e+00
9.888090086915810595e-01 5.706952152867176942e+00
1.006775298136856733e+00 5.620288121806574111e+00
1.025068028334182868e+00 5.534562637260904694e+00
1.043693130589793849e+00 5.449770561987056894e+00
1.062656643979537741e+00 5.365906820647012410e+00
1.081964717307009272e+00 5.282966384379744973e+00
1.101623611097262811e+00 5.200944253345939572e+00
1.121639699626748143e+00 5.119835437750570151e+00
1.142019472990131401e+00 5.039634937963479722e+00
1.162769539204669300e+00 4.960337724441732377e+00
1.183896626352817449e+00 4.881938718247252673e+00
1.205407584763770190e+00 4.804432772987712319e+00
1.227309389234639170e+00 4.727814659036876144e+00
1.249609141291986747e+00 4.652079050857536480e+00
1.272314071494454968e+00 4.577220518185934672e+00
1.295431541777228635e+00 4.503233521712737719e+00
1.318969047839098518e+00 4.430112413732797627e+00
1.342934221572895215e+00 4.357851444006593411e+00
1.367334833540084560e+00 4.286444770827788631e+00
1.392178795490325527e+00 4.215886476980356790e+00
1.417474162926804837e+00 4.146170589964135900e+00
1.443229137718186506e+00 4.077291105541247518e+00
1.469452070758017204e+00 4.009242013361865808e+00
1.496151464672451858e+00 3.942017323172033905e+00
1.523335976577179673e+00 3.875611089932099684e+00
1.551014420884440081e+00 3.810017436083538822e+00
1.579195772161042566e+00 3.745230569257597342e+00
1.607889168038314942e+00 3.681244793886520927e+00
1.637103912174925346e+00 3.618054515520789050e+00
1.666849477273536051e+00 3.555654237123964556e+00
1.697135508152268990e+00 3.494038547221687274e+00
1.727971824871981754e+00 3.433202100472204865e+00
1.759368425920359247e+00 3.373139591962686978e+00
1.791335491453864615e+00 3.313845727230483540e+00
1.823883386598591949e+00 3.255315190621037136e+00
1.857022664811095236e+00 3.197542614989710152e+00
1.890764071300282900e+00 3.140522555910912228e+00
1.925118546511485507e+00 3.084249473367155048e+00
1.960097229673829045e+00 3.028717723344741319e+00
1.995711462412061543e+00 2.973921560856414903e+00
2.031972792424006524e+00 2.919855154702709399e+00
2.068892977224832563e+00 2.866512612863339804e+00
2.106483987959356874e+00 2.813888015969105982e+00
2.144758013283615483e+00 2.761975454987218637e+00
2.183727463316960105e+00 2.710769068329303977e+00
2.223404973665966011e+00 2.660263073219683694e+00
2.263803409521446763e+00 2.610451786518956485e+00
2.304935869829916939e+00 2.561329631348151725e+00
2.346815691540844462e+00 2.512891127745954023e+00
2.389456453931075419e+00 2.465130868010674714e+00
2.432871983007831584e+00 2.418043480027554981e+00
2.477076355991708834e+00 2.371623584262205320e+00
2.522083905881130406e+00 2.325865751779266244e+00
2.567909226099733822e+00 2.280764471126651927e+00
2.614567175228201368e+00 2.236314130930025623e+00
2.662072881822060033e+00 2.192509022528656093e+00
2.710441749317028748e+00 2.149343363224321735e+00
2.759689461023484114e+00 2.106811336334341700e+00
2.809831985211681094e+00 2.064907140173211086e+00
2.860885580289365571e+00 2.023625035302444974e+00
2.912866800073464990e+00 1.982959378854414423e+00
2.965792499157560602e+00 1.942904636921910511e+00
3.019679838376890579e+00 1.903455370809712832e+00
3.074546290372641266e+00 1.864606199509959872e+00
3.130409645257355322e+00 1.826351747505502665e+00
3.187288016383237998e+00 1.788686591989669727e+00
3.245199846215343964e+00 1.751605225038695979e+00
3.304163912311402829e+00 1.715102043078045702e+00
3.364199333410339499e+00 1.679171368471913839e+00
3.425325575631405606e+00 1.643807497980303012e+00
3.487562458785950614e+00 1.609004763248341519e+00
3.550930162803874968e+00 1.574757582965656821e+00
3.615449234276850721e+00 1.541060487546193736e+00
3.681140593120425741e+00 1.507908105808142940e+00
3.748025539357180413e+00 1.475295117007442869e+00
3.816125760023131530e+00 1.443216185802389084e+00
3.885463336199617590e+00 1.411665906394433900e+00
3.956060750172959217e+00 1.380638780418229183e+00
4.027940892724199529e+00 1.350129240206102255e+00
4.101127070551304321e+00 1.320131709110213158e+00
4.175643013826213057e+00 1.290640672121142085e+00
4.251512883889203565e+00 1.261650722637940536e+00
4.328761281083061796e+00 1.233156560581929684e+00
4.407413252729588393e+00 1.205152940720039201e+00
4.487494301251045314e+00 1.177634597309411557e+00
4.569030392439155541e+00 1.150596186818082955e+00
4.652047963874355929e+00 1.124032283333702864e+00
4.736573933498021916e+00 1.097937432155478454e+00
4.822635708340444083e+00 1.072306230900830881e+00
4.910261193407390756e+00 1.047133386999128390e+00
4.999478800728136996e+00 1.022413712123546370e+00
5.090317458567891862e+00 9.981420547152820566e-01
5.182806620807610898e+00 9.743132164342832580e-01
5.276976276494236728e+00 9.509219140942257731e-01
5.372856959564470181e+00 9.279628186424532243e-01
5.470479758745203647e+00 9.054306440944397405e-01
5.569876327633862090e+00 8.833202160966121541e-01
5.671078894961878447e+00 8.616264615281584716e-01
5.774120275044672290e+00 8.403443253022114812e-01
5.879033878421484616e+00 8.194686870138507828e-01
5.985853722688545986e+00 7.989943558801628765e-01
6.094614443529073000e+00 7.789161525881415082e-01
6.205351305943677787e+00 7.592290002616332023e-01
6.318100215684828491e+00 7.399279314678230968e-01
6.432897730899070687e+00 7.210080007623387299e-01
6.549781073980787127e+00 7.024641956598772774e-01
6.668788143641326549e+00 6.842914476697294912e-01
6.789957527197431730e+00 6.664847348911312475e-01
6.913328513082945825e+00 6.490391561330541847e-01
7.038941103587839088e+00 6.319498836073087489e-01
7.166836027828716205e+00 6.152120513243611866e-01
7.297054754954981348e+00 5.988207258887843221e-01
7.429639507594950842e+00 5.827710029627062305e-01
7.564633275546290392e+00 5.670580974496420845e-01
7.702079829715195558e+00 5.516772959184312874e-01
7.842023736308832760e+00 5.366238385514149334e-01
7.984510371285672647e+00 5.218929117448413146e-01
8.129585935068352143e+00 5.074797670283816009e-01
8.277297467523895946e+00 4.933797748443101705e-01
8.427692863216094565e+00 4.795883210083363712e-01
8.580820886935033087e+00 4.661007228768389576e-01
8.736731189508770257e+00 4.529123170505897078e-01
8.895474323902323732e+00 4.400185616892582918e-01
9.057101761609150259e+00 4.274149599314211456e-01
9.221665909340474698e+00 4.150969512402167827e-01
9.389220126017841395e+00 4.030599895014023715e-01
9.559818740074423005e+00 3.912996507718523587e-01
9.733517067070671658e+00 3.798115434064273099e-01
9.910371427630071395e+00 3.685912138353156231e-01
1.009043916570073840e+01 3.576342597500693499e-01
1.027377866714886068e+01 3.469363942556052405e-01
1.046044937868994751e+01 3.364933097798524231e-01
1.065051182716407574e+01 3.263006709597576771e-01
1.084402763916133949e+01 3.163542565689722030e-01
1.104105956100390351e+01 3.066498918557358233e-01
1.124167147909110653e+01 2.971833491225344681e-01
1.144592844061424763e+01 2.879504818054303139e-01
1.165389667464773282e+01 2.789472282179715767e-01
1.186564361362345110e+01 2.701694761761477270e-01
1.208123791519533263e+01 2.616131750249267585e-01
1.230074948450117134e+01 2.532743691146257525e-01
1.252424949682893640e+01 2.451490526136940185e-01
1.275181042069493209e+01 2.372332905866925690e-01
1.298350604134127195e+01 2.295232272706098642e-01
1.321941148466028615e+01 2.220149567222479414e-01
1.345960324155364241e+01 2.147046790714368936e-01
1.370415919273404981e+01 2.075886187855302267e-01
1.395315863397760126e+01 2.006629911167673586e-01
1.420668230183496306e+01 1.939241234553810422e-01
1.446481239980968070e+01 1.873683123346126800e-01
1.472763262501219117e+01 1.809919274032465164e-01
1.499522819529808793e+01 1.747913776200252234e-01
1.526768587689948475e+01 1.687630784475377121e-01
1.554509401255845269e+01 1.629035265504983898e-01
1.582754255017160183e+01 1.572092149877903355e-01
1.611512307195515348e+01 1.516767052615866085e-01
1.640792882413989418e+01 1.463025831352667838e-01
1.670605474720571948e+01 1.410834760742849525e-01
1.700959750666548587e+01 1.360160601818928838e-01
1.731865552440823564e+01 1.310970411293707061e-01
1.763332901061187030e+01 1.263231797406587642e-01
1.795371999623572989e+01 1.216912685850893155e-01
1.827993236610342365e+01 1.171981513901174526e-01
1.861207189258696104e+01 1.128407099064473729e-01
1.895024626990272765e+01 1.086158711095069757e-01
1.929456514903070286e+01 1.045206032378582228e-01
1.964514017326810702e+01 1.005519154363042622e-01
2.000208501442907405e+01 9.670685758109498487e-02
2.036551540970203078e+01 9.298251745968882931e-02
2.073554919917679129e+01 8.937602154903136198e-02
2.111230636405347738e+01 8.588453255001293751e-02
2.149590906554568193e+01 8.250525027063906891e-02
2.188648168449052278e+01 7.923541042533337186e-02
2.228415086167833792e+01 7.607228603105090081e-02
2.268904553891522369e+01 7.301318763629467690e-02
2.310129700083160387e+01 7.005546552887970124e-02
2.352103891745048614e+01 6.719651136060995900e-02
2.394840738752913722e+01 6.443376067492001535e-02
2.438354098268828807e+01 6.176469512285571312e-02
2.482658079234314386e+01 5.918684487251359150e-02
2.527767046945072593e+01 5.669779023456317235e-02
2.573695627708853451e+01 5.429516283099495438e-02
2.620458713587938604e+01 5.197664541135658262e-02
2.668071467227808213e+01 4.973997052779722400e-02
2.716549326773531092e+01 4.758291773624375581e-02
2.765908010875493517e+01 4.550330955867594451e-02
2.816163523786071465e+01 4.349900661588980422e-02
2.867332160548916065e+01 4.156790265204105689e-02
2.919430512282519530e+01 3.970792019850116067e-02
2.972475471559784310e+01 3.791700756720239873e-02
3.026484237885336981e+01 3.619313775211710493e-02
3.081474323272365012e+01 3.453430989573781640e-02
3.137463557920776935e+01 3.293855313492904946e-02
3.194470095998537573e+01 3.140393239641032369e-02
3.252512421528045650e+01 2.992855524792524882e-02
3.311609354379467618e+01 2.851057850479805575e-02
3.371780056372962520e+01 2.714821317089603434e-02
3.433044037491787037e+01 2.583972643743766631e-02
3.495421162208288735e+01 2.458343994712769084e-02
3.558931655924840243e+01 2.337772425535169021e-02
3.623596111531801256e+01 2.222099026336005548e-02
3.689435496084639965e+01 2.111167917155592696e-02
3.756471157602369715e+01 2.004825295806554608e-02
3.824724831989517781e+01 1.902918789306133965e-02
3.894218650083857369e+01 1.805297330784087079e-02
3.964975144832197884e+01 1.711811657125228078e-02
4.037017258596554115e+01 1.622315390183202283e-02
4.110368350593068953e+01 1.536666478708883718e-02
4.185052204466096271e+01 1.454728601913785578e-02
4.261093035999903833e+01 1.376372082096327144e-02
4.338515500970488148e+01 1.301473920668319226e-02
4.417344703140069129e+01 1.229916786250495088e-02
4.497606202396821828e+01 1.161587120745787884e-02
4.579326023042521854e+01 1.096372896358716910e-02
4.662530662230762601e+01 1.034161780891393149e-02
4.747247098558497669e+01 9.748404246244025614e-03
4.833502800813683820e+01 9.182952920223523552e-03
4.921325736881872359e+01 8.644148735705379366e-03
5.010744382814620224e+01 8.130924468251355536e-03
5.101787732062681613e+01 7.642281837729325913e-03
5.194485304876953080e+01 7.177295162139179022e-03
5.288867157880235226e+01 6.735093733808560947e-03
5.384963893812913938e+01 6.314829540131429268e-03
5.482806671455707459e+01 5.915645155968185173e-03
5.582427215732719361e+01 5.536657571359456659e-03
5.683857827998026124e+01 5.176964946618679321e-03
5.787131396509232673e+01 4.835669331802684191e-03
5.892281407091263645e+01 4.511898497838161617e-03
5.999341953993943832e+01 4.204812698259856665e-03
6.108347750946852983e+01 3.913597995809559374e-03
6.219334142415036126e+01 3.637464232445876324e-03
6.332337115059236510e+01 3.375665957306472724e-03
6.447393309404348827e+01 3.127540883173348957e-03
6.564540031719884894e+01 2.892525639357699553e-03
6.683815266116303633e+01 2.670096256861463797e-03
6.805257686861129685e+01 2.459620037526671476e-03
6.928906670918848931e+01 2.260189195714520233e-03
7.054802310718645231e+01 2.070578116511935952e-03
7.182985427154132196e+01 1.889447681990787239e-03
7.313497582819272225e+01 1.715780267215599991e-03
7.446381095484798607e+01 1.549338403668716439e-03
7.581679051819496351e+01 1.390854960477916564e-03
7.719435321360785451e+01 1.241811945395239741e-03
7.859694570739156916e+01 1.104010869244833552e-03
8.002502278161051663e+01 9.794386664133184189e-04
8.147904748154896026e+01 8.708802737780579331e-04
8.295949126585054501e+01 7.832048327619457913e-04
8.446683415938599637e+01 7.245146371519828625e-04
8.600156490889817462e+01 7.059297322048856951e-04
8.756418114147527376e+01 7.391315666420937829e-04
8.915518952590332447e+01 8.318824996474695997e-04
9.077510593695051000e+01 9.830156174784148142e-04
9.242445562263638692e+01 1.179093947573239256e-03
9.410377337454033864e+01 1.394594315522609861e-03
9.581360370120452785e+01 1.596166535281820812e-03
9.755450100468743813e+01 1.749843291452843038e-03
9.932702976032535958e+01 1.828829026598019708e-03
1.011317646997600690e+02 1.819292597649369144e-03
1.029692909972921626e+02 1.722485190551042555e-03
1.048402044596200398e+02 1.552936444592878775e-03
1.067451117190268093e+02 1.333711595843180796e-03
1.086846304300770356e+02 1.090402222959421623e-03
1.106593894698873584e+02 8.457192632920989368e-04
1.126700291420362277e+02 6.162043520895810938e-04
1.147172013841783382e+02 4.115508472668203983e-04
1.168015699794314770e+02 2.357891898756326341e-04
1.189238107716041526e+02 8.909914595270366697e-05
1.210846118843337536e+02 -3.050174686382839311e-05
1.232846739442065882e+02 -1.257982807790410942e-04
1.255247103079316275e+02 -1.995792955233092417e-04
1.278054472936421888e+02 -2.545934989955852558e-04
1.301276244164000957e+02 -2.938352051916136407e-04
1.324919946279789258e+02 -3.204414012085240624e-04
1.348993245610040788e+02 -3.372182586956353574e-04
1.373503947775287202e+02 -3.464549495689948867e-04
1.398460000221262192e+02 -3.501133320703169773e-04
1.423869494795812614e+02 -3.497973787250047519e-04
1.449740670372631541e+02 -3.464618890414206164e-04
1.476081915522661347e+02 -3.405343853621070008e-04
1.502901771234037369e+02 -3.324658336077489056e-04
1.530208933681452095e+02 -3.228708868923287328e-04
1.558012257045835725e+02 -3.121443085615911934e-04
1.586320756385270556e+02 -3.004442164358162352e-04
1.615143610558068588e+02 -2.881474807168203991e-04
1.644490165198960767e+02 -2.758094853529786342e-04
1.674369935749361389e+02 -2.636299739465784221e-04
1.704792610542693296e+02 -2.515257238776833827e-04
1.735768053945768656e+02 -2.396657660045330954e-04
1.767306309557251893e+02 -2.282765804992082129e-04
1.799417603464236493e+02 -2.170609820200214109e-04
1.832112347557983298e+02 -2.055693420684472268e-04
1.865401142909925056e+02 -1.939929617211555207e-04
1.899294783208990509e+02 -1.828863768191597752e-04
1.933804258261394864e+02 -1.725160905195073625e-04
1.968940757554017580e+02 -1.631438584238511873e-04
2.004715673882525095e+02 -1.552061206590521849e-04
2.041140607045415152e+02 -1.485118720032339585e-04
2.078227367605180689e+02 -1.420972567124993940e-04
2.115987980717812604e+02 -1.353887695612305078e-04
2.154434690031884543e+02 -1.285952169385687371e-04
2.193579961658478794e+02 -1.217369827737920760e-04
2.233436488213250186e+02 -1.145603237765652519e-04
2.274017192931925706e+02 -1.074520346192051810e-04
2.315335233860587323e+02 -1.009794234859050043e-04
2.357404008122088328e+02 -9.490227535701565198e-05
2.400237156259986193e+02 -8.889934394734196554e-05
2.443848566661409052e+02 -8.333157205464515518e-05
2.488252380060277176e+02 -7.830569168063991820e-05
2.533462994122353393e+02 -7.334063616861188851e-05
2.579495068113594129e+02 -6.848315202175168806e-05
2.626363527653332426e+02 -6.422225746054376582e-05
2.674083569553813504e+02 -6.034950828290858832e-05
2.722670666747670793e+02 -5.644392346259390465e-05
2.772140573304932332e+02 -5.284220695310118789e-05
2.822509329541176726e+02 -4.974454043356841073e-05
2.873793267218513279e+02 -4.664147259969275434e-05
2.926009014841051794e+02 -4.351194048810909403e-05
2.979173503046596920e+02 -4.084774838481475549e-05
3.033303970096301896e+02 -3.841701491452677536e-05
3.088417967464070557e+02 -3.585705807904093816e-05
3.144533365527516935e+02 -3.357010789959197672e-05
3.201668359362323031e+02 -3.165617716749309526e-05
3.259841474641884247e+02 -2.964698043077440540e-05
3.319071573644146156e+02 -2.768103211559904742e-05
3.379377861367578930e+02 -2.607481069194411534e-05
3.440779891758288045e+02 -2.448192354560905940e-05
3.503297574050253615e+02 -2.281429989467447124e-05
3.566951179220785093e+02 -2.144463068005493343e-05
3.631761346563259849e+02 -2.019612811551701291e-05
3.697749090379286940e+02 -1.881803956999412354e-05
3.764935806792467474e+02 -1.762935522869270348e-05
3.833343280685956529e+02 -1.662884807824965624e-05
3.902993692766079334e+02 -1.550364100236266348e-05
3.973909626754290798e+02 -1.445675738831947565e-05
4.046114076709807250e+02 -1.362697860694964065e-05
4.119630454485291580e+02 -1.272345845471815316e-05
4.194482597318004196e+02 -1.182194822740122678e-05
4.270694775558880565e+02 -1.112270638119447665e-05
4.348291700542044964e+02 -1.040806474097333565e-05
4.427298532597309304e+02 -9.651402387292607442e-06
4.507740889208259318e+02 -9.063735216600465032e-06
4.589644853318562809e+02 -8.498023635355139813e-06
4.673036981789209676e+02 -7.881481394320059768e-06
4.757944314009408799e+02 -7.401044349375049034e-06
4.844394380663949278e+02 -6.958634492716922689e-06
4.932415212659850567e+02 -6.466163888519029075e-06
5.022035350215219296e+02 -6.075360437267833351e-06
5.113283852113239618e+02 -5.723642110526417639e-06
5.206190305124302995e+02 -5.314499425467818449e-06
5.300784833599343528e+02 -4.984764347651121488e-06
5.397098109237467725e+02 -4.688316857029865664e-06
5.495161361031075558e+02 -4.341881942807383993e-06
5.595006385391669710e+02 -4.050585985692708736e-06
5.696665556459623758e+02 -3.798141289753595750e-06
5.800171836601342648e+02 -3.500077797454797388e-06
5.905558787097077129e+02 -3.255341827022607086e-06
6.012860579022975571e+02 -3.051603850501487470e-06
6.122112004330842865e+02 -2.813204602093027917e-06
6.233348487129222804e+02 -2.628581843184044178e-06
6.346606095169448736e+02 -2.476181208518482125e-06
6.461921551540388009e+02 -2.300851352121134175e-06
6.579332246575681893e+02 -2.160377144879541002e-06
6.698876249977338375e+02 -2.048221761865259179e-06
6.820592323159592070e+02 -1.901577617572695648e-06
6.944519931817061433e+02 -1.785601530107751213e-06
7.070699258721259639e+02 -1.677731812959729871e-06
7.199171216749613222e+02 -1.544483737902193824e-06
7.329977462151210830e+02 -1.436713676491110973e-06
7.463160408053589663e+02 -1.335190218573612648e-06
7.598763238214934290e+02 -1.225561991818104701e-06
7.736829921026146621e+02 -1.136012541017251386e-06
7.877405223767326561e+02 -1.063988908887192576e-06
8.020534727123292669e+02 -9.811908785236861354e-07
8.166264839962836959e+02 -9.249212210505393146e-07
8.314642814386522787e+02 -8.696306982298649192e-07
8.465716761047889349e+02 -8.089186323759218320e-07
8.619535664753032052e+02 -7.647461122202677881e-07
8.776149400343634852e+02 -7.139879191446959629e-07
8.935608748868580733e+02 -6.647615372212874585e-07
9.097965414049394894e+02 -6.231339844575485052e-07
9.263272039044860549e+02 -5.806396387647405205e-07
9.431582223520252910e+02 -5.341956580814255201e-07
9.602950541026688143e+02 -4.989587099039756284e-07
9.777432556696273878e+02 -4.575296291577579531e-07
9.955084845258763835e+02 -4.205666997366612222e-07
1.013596500938556801e+03 -3.954146105228796973e-07
1.032013169836706993e+03 -3.650738778698715572e-07
1.050764462712928889e+03 -3.452271656383595660e-07
1.069856459559610812e+03 -3.256150531644817560e-07
1.089295350840324318e+03 -3.037796270315573850e-07
1.109087439497047626e+03 -2.849375570897817746e-07
1.129239142993853875e+03 -2.656544812047798521e-07
1.149756995397735636e+03 -2.449051716808899690e-07
1.170647649497236671e+03 -2.267241200554931230e-07
1.191917878959576683e+03 -2.112012187622455942e-07
1.213574580526973250e+03 -1.937870946688508685e-07
1.235624776252867377e+03 -1.822020346127692007e-07
1.258075615778781639e+03 -1.693234153082944860e-07
1.280934378652548048e+03 -1.568003960425333442e-07
1.304208476688657584e+03 -1.479678404490133504e-07
1.327905456371494438e+03 -1.364877202125032166e-07
1.352033001302239200e+03 -1.275411711864192217e-07
1.376598934690228134e+03 -1.190037351459891225e-07
1.401611221889582566e+03 -1.104659554237284438e-07
1.427077972981925313e+03 -1.033818468402123231e-07
1.453007445406026136e+03 -9.636003874964476783e-08
1.479408046635224309e+03 -8.934671085768400885e-08
1.506288336903502568e+03 -8.285907026013278159e-08
1.533657031981090086e+03 -7.742134893968935922e-08
1.561523006000496480e+03 -7.156950664467188553e-08
1.589895294333897255e+03 -6.715247260959256192e-08
1.618783096522797223e+03 -6.259202368611185410e-08
1.648195779260925292e+03 -5.802095487722847318e-08
1.678142879431328083e+03 -5.447040013357537442e-08
1.708634107198646689e+03 -4.989905643466280550e-08
1.739679349157578145e+03 -4.647524142766384305e-08
1.771288671538542303e+03 -4.338358114703653072e-08
1.803472323471597747e+03 -4.025675111155595750e-08
1.836240740309657212e+03 -3.788030649698446260e-08
1.869604547012090734e+03 -3.505762892374389968e-08
1.903574561589799487e+03 -3.269010851322367331e-08
1.938161798612893335e+03 -3.048475927331802115e-08
1.973377472782096220e+03 -2.822413303196647205e-08
2.009233002565045581e+03 -2.636912238432718929e-08
2.045740013898660663e+03 -2.460383618641544165e-08
2.082910343958780231e+03 -2.288060996700974055e-08
2.120756044998296602e+03 -2.121059301387916070e-08
2.159289388255024278e+03 -1.973885355033890688e-08
2.198522867930574648e+03 -1.830285587661186579e-08
2.238469205241523014e+03 -1.702495660424150886e-08
2.279141352544187157e+03 -1.589894545388581553e-08
2.320552497534350096e+03 -1.482703697279654220e-08
2.362716067523289894e+03 -1.391933423018564805e-08
2.405645733791497605e+03 -1.287758070064856908e-08
2.449355416021518067e+03 -1.199553718591080805e-08
2.493859286811314178e+03 -1.124886156891090230e-08
2.539171776269646216e+03 -1.040050801905403622e-08
2.585307576694947784e+03 -9.726556543354664327e-09
2.632281647339214032e+03 -9.016588394562293418e-09
2.680109219258448775e+03 -8.377448259469298248e-09
2.728805800251237542e+03 -7.852732776834805390e-09
2.778387179887062757e+03 -7.235657102627613785e-09
2.828869434625969461e+03 -6.744895263777233126e-09
2.880268933031264169e+03 -6.318564366103446582e-09
2.932602341076917583e+03 -5.889394016390783706e-09
2.985886627551409674e+03 -5.491554617023153608e-09
3.040139069559752897e+03 -5.107385308775086210e-09
3.095377258125486151e+03 -4.781704076980184149e-09
3.151619103894462569e+03 -4.444982960328160376e-09
3.208882842942262414e+03 -4.126824963032396762e-09
3.267187042687131452e+03 -3.853413400698182708e-09
3.326550607910352483e+03 -3.579306876442663326e-09
3.386992786886005888e+03 -3.329747883186964846e-09
3.448533177622105086e+03 -3.107864521869608026e-09
3.511191734215130509e+03 -2.888574397668293493e-09
3.574988773320025302e+03 -2.677649368764409753e-09
3.639944980737743208e+03 -2.509118284721022407e-09
3.706081418122499144e+03 -2.340441034984824952e-09
3.773419529810875247e+03 -2.166636995685329301e-09
3.841981149775023368e+03 -2.031008296774469457e-09
3.911788508702191848e+03 -1.891862600920286120e-09
3.982864241202893936e+03 -1.752799971205711548e-09
4.055231393150039366e+03 -1.632928411169193755e-09
4.128913429151419223e+03 -1.514996204680187770e-09
4.203934240157964268e+03 -1.409252485086936553e-09
4.280318151210241012e+03 -1.307092200264590221e-09
4.358089929325681624e+03 -1.214684232461730667e-09
4.437274791529164759e+03 -1.130144287289025423e-09
4.517898413029466610e+03 -1.044108561054532261e-09
4.599986935544289736e+03 -9.745240559961612365e-10
4.683566975776561776e+03 -9.032792269241943324e-10
4.768665634044735270e+03 -8.360308768670396245e-10
4.855310503069902552e+03 -7.795835820940808580e-10
4.943529676922564249e+03 -7.203490974447522563e-10
5.033351760131966330e+03 -6.666605892361239265e-10
5.124805876960936075e+03 -6.171035781065885334e-10
5.217921680849257427e+03 -5.697866131646250531e-10
5.312729364028606142e+03 -5.275049434606020867e-10
5.409259667312205238e+03 -4.866820597765860581e-10
5.507543890062343053e+03 -4.495800108419241305e-10
5.607613900339001702e+03 -4.156408564666658351e-10
5.709502145232881048e+03 -3.827158338747876125e-10
5.813241661386168744e+03 -3.539083615052546358e-10
5.918866085704471516e+03 -3.261022588550489364e-10
6.026409666263374675e+03 -3.011836488721244111e-10
6.135907273413175972e+03 -2.783146771607643340e-10
6.247394411085379033e+03 -2.561332144770711765e-10
6.360907228304631644e+03 -2.362917007448206605e-10
6.476482530909821435e+03 -2.176398042616027712e-10
6.594157793488148855e+03 -2.007388253513901079e-10
6.713971171526032776e+03 -1.853851989974212062e-10
6.835961513780789574e+03 -1.711652202749209684e-10
6.960168374877115639e+03 -1.583163449551793275e-10
7.086632028132422420e+03 -1.468567346032545868e-10
7.215393478615223103e+03 -1.361915989986552588e-10
7.346494476440770086e+03 -1.265401094110446724e-10
7.479977530308276073e+03 -1.179971818831085177e-10
7.615885921284104370e+03 -1.103650752419440442e-10
7.754263716835387640e+03 -1.032369090201634996e-10
7.895155785118633503e+03 -9.682720168766064975e-11
8.038607809527957215e+03 -9.106162947958039440e-11
8.184666303507638986e+03 -8.576131173061392942e-11
8.333378625633820775e+03 -8.103942437528124801e-11
8.484792994970244763e+03 -7.675306033552309600e-11
8.638958506702987506e+03 -7.280695112783418121e-11
8.795925148059268395e+03 -6.912029060358064117e-11
8.955743814515515623e+03 -6.583037445297594550e-11
9.118466326299901993e+03 -6.263159045221431076e-11
9.284145445194744752e+03 -5.953347352977062321e-11
9.452834891644190066e+03 -5.672918209756943035e-11
9.624589362172737310e+03 -5.391869173237090276e-11
9.799464547120260249e+03 -5.110691956658544206e-11
9.977517148699251265e+03 -4.836917389327690358e-11
1.015880489938017672e+04 -4.558206119060697644e-11
1.034338658061087335e+04 -4.282230727638456016e-11
1.053132204187607022e+04 -4.006934638698913503e-11
1.072267222010323167e+04 -3.730993054132652524e-11
1.091749915942097505e+04 -3.456620581584830595e-11
1.111586603127649869e+04 -3.182261090581953021e-11
1.131783715491855037e+04 -2.917467606276117136e-11
1.152347801825253737e+04 -2.654044709953005398e-11
1.173285529907459568e+04 -2.398479185572863235e-11
1.194603688669144140e+04 -2.160508643129687034e-11
1.216309190393308018e+04 -1.931701488844469387e-11
1.238409072956545424e+04 -1.719313688187246836e-11
1.260910502111033020e+04 -1.526723591368790683e-11
1.283820773807981823e+04 -1.353278105406823280e-11
1.307147316563304048e+04 -1.202946305231696487e-11
1.330897693866264854e+04 -1.075201134011302146e-11
1.355079606631897150e+04 -9.708863374376908655e-12
1.379700895697976739e+04 -8.881346066856166220e-12
1.404769544367365961e+04 -8.256127575420006302e-12
1.430293680996549847e+04 -7.831151919375190120e-12
1.456281581631209338e+04 -7.539862022128766532e-12
1.482741672689674670e+04 -7.369544317252536507e-12
1.509682533695143138e+04 -7.293900433994489041e-12
1.537112900057535626e+04 -7.240348187944410968e-12
1.565041665905900300e+04 -7.190882380106411608e-12
1.593477886972280430e+04 -7.106323650208224183e-12
1.622430783527978747e+04 -6.952455100281020519e-12
1.651909743373176752e+04 -6.718186502357225308e-12
1.681924324880868880e+04 -6.384839480931873917e-12
1.712484260096108119e+04 -5.955072805724577332e-12
1.743599457891562270e+04 -5.436148776104168296e-12
1.775280007180405300e+04 -4.848095704159582575e-12
1.807536180187585342e+04 -4.224135755772765644e-12
1.840378435780533255e+04 -3.585851030039189036e-12
1.873817422860383158e+04 -2.978455385659231500e-12
1.907863983814815583e+04 -2.435698362182538012e-12
1.942529158033637214e+04 -1.979073526429490462e-12
1.977824185488231888e+04 -1.635371889749144482e-12
2.013760510376056482e+04 -1.411714605048728251e-12
2.050349784831349098e+04 -1.304687134938424733e-12
2.087603872703265733e+04 -1.299715140864758342e-12
2.125534853402657609e+04 -1.368660711946101155e-12
2.164155025818749345e+04 -1.477650965527566082e-12
2.203476912306977465e+04 -1.587225883422253371e-12
2.243513262749287605e+04 -1.662726236605495017e-12
2.284277058688207035e+04 -1.675868060361950263e-12
2.325781517536029060e+04 -1.606597927949311519e-12
2.368040096860479753e+04 -1.455396169107356008e-12
2.411066498748252707e+04 -1.233722688135437132e-12
2.454874674247824805e+04 -9.656048704026024855e-13
2.499478827893000198e+04 -6.873648067871326985e-13
2.544893422308645313e+04 -4.347650965938022845e-13
2.591133182900103202e+04 -2.406257584956339351e-13
2.638213102627818444e+04 -1.263170999651770321e-13
2.686148446868714382e+04 -9.681162009729809609e-14
2.734954758365902308e+04 -1.404800418251350618e-13
2.784647862268298559e+04 -2.301724810235380888e-13
2.835243871261866298e+04 -3.303199145700872367e-13
2.886759190794036112e+04 -4.041908984595468887e-13
2.939210524393073138e+04 -4.224145387372512194e-13
2.992614879084098720e+04 -3.729592970191733865e-13
3.046989570903511049e+04 -2.612551402744130596e-13
3.102352230513607719e+04 -1.109790200585049513e-13
3.158720808919216870e+04 4.250492429578244870e-14
3.216113583288204609e+04 1.634439899559910120e-13
3.274549162877731942e+04 2.257652341862618925e-13
3.334046495068196236e+04 2.219770185338998474e-13
3.394624871506800264e+04 1.658981676348303109e-13
3.456303934362755535e+04 8.813093603979145138e-14
3.519103682696131727e+04 2.578794776973745298e-14
3.583044478942432033e+04 8.613721563011706446e-15
3.648147055514987733e+04 4.835191405914793208e-14
3.714432521527318750e+04 1.335565586570769221e-13
3.781922369637632801e+04 2.337762883843347004e-13
3.850638483017690305e+04 3.127799926015565058e-13
3.920603142448287690e+04 3.438133284728978362e-13
3.991839033543667028e+04 3.218073224832002852e-13
4.064369254107186134e+04 2.663470678648578213e-13
4.138217321620641451e+04 2.121014110116089070e-13
4.213407180869668809e+04 1.920091645665828796e-13
4.289963211707691516e+04 2.200305564614578795e-13
4.367910236960942711e+04 2.835889741106880162e-13
4.447273530477112217e+04 3.502612703054678946e-13
4.528078825320241594e+04 3.862684301709075319e-13
4.610352322114506387e+04 3.766630779821344802e-13
4.694120697539617686e+04 3.346419515760101369e-13
4.779411112980564212e+04 2.932931132657857112e-13
4.866251223334534006e+04 2.842194799108305129e-13
4.954669185977838060e+04 3.157477556261113517e-13
5.044693669895774656e+04 3.670620849425679726e-13
5.136353864978370257e+04 4.031870469034846523e-13
5.229679491485020117e+04 4.013353473665339281e-13
5.324700809681109240e+04 3.687493979879057538e-13
5.421448629649711802e+04 3.370523405353572302e-13
5.519954321281572629e+04 3.359453315375625224e-13
5.620249824446612183e+04 3.676272323998376846e-13
5.722367659350219765e+04 4.047219520715557860e-13
5.826340937077748094e+04 4.155502049719361293e-13
5.932203370330564940e+04 3.941850434846483214e-13
6.039989284357206634e+04 3.663992007492192704e-13
6.149733628083116491e+04 3.634879408428330179e-13
6.261471985442630103e+04 3.893990369066111394e-13
6.375240586916846223e+04 4.164829219032508421e-13
6.491076321281138371e+04 4.165707429135057157e-13
6.609016747566117556e+04 3.935112674654248410e-13
6.729100107235915493e+04 3.785271859160712509e-13
6.851365336587750062e+04 3.915978193689269583e-13
6.975852079376780603e+04 4.161585272400453598e-13
7.102600699670350878e+04 4.210248826624862711e-13
7.231652294935798272e+04 4.027426922655727914e-13
7.363048709366054391e+04 3.901863270901423532e-13
7.496832547447363322e+04 4.027180835620542039e-13
7.633047187773535552e+04 4.215467227105876554e-13
7.771736797111187479e+04 4.189272396308785834e-13
7.912946344720548950e+04 4.019840028514448063e-13
8.056721616936469218e+04 4.007034735073380804e-13
8.203109232014356530e+04 4.174316731582766380e-13
8.352156655245865113e+04 4.233001116516519022e-13
8.503912214349227725e+04 4.099352596340782871e-13
8.658425115139220725e+04 4.043897990629645031e-13
8.815745457481850463e+04 4.176190751733989606e-13
8.975924251538928365e+04 4.236932165838872878e-13
9.139013434307811258e+04 4.121517203309487926e-13
9.305065886461643095e+04 4.089564462638272999e-13
9.474135449495604553e+04 4.210921468029162416e-13
9.646276943184684205e+04 4.220727084130331105e-13
9.821546183358647977e+04 4.115114513280452482e-13
9.999999999999998545e+04 4.152146050165196587e-13
